Wavelength, Read Noise, Sky, Dark, A_Eff, BEF, Disp_Width,  XDisp_Width
      950.000, 0.0, 5.35E-09,  5.00E-06,  5.251E+01,  1.993E-18,  3.1,  3.1
      951.000, 0.0, 5.98E-09,  5.00E-06,  5.841E+01,  1.790E-18,  3.1,  3.1
      952.000, 0.0, 6.67E-09,  5.00E-06,  6.484E+01,  1.611E-18,  3.1,  3.1
      953.000, 0.0, 7.42E-09,  5.00E-06,  7.183E+01,  1.453E-18,  3.1,  3.1
      954.000, 0.0, 8.25E-09,  5.00E-06,  7.942E+01,  1.313E-18,  3.1,  3.1
      955.000, 0.0, 9.31E-09,  5.00E-06,  8.921E+01,  1.167E-18,  3.1,  3.1
      956.000, 0.0, 1.05E-08,  5.00E-06,  1.005E+02,  1.035E-18,  3.1,  3.1
      957.000, 0.0, 1.19E-08,  5.00E-06,  1.130E+02,  9.202E-19,  3.1,  3.1
      958.000, 0.0, 1.34E-08,  5.00E-06,  1.267E+02,  8.201E-19,  3.1,  3.1
      959.000, 0.0, 1.51E-08,  5.00E-06,  1.417E+02,  7.327E-19,  3.1,  3.1
      960.000, 0.0, 1.70E-08,  5.00E-06,  1.590E+02,  6.523E-19,  3.1,  3.1
      961.000, 0.0, 1.92E-08,  5.00E-06,  1.783E+02,  5.816E-19,  3.1,  3.1
      962.000, 0.0, 2.15E-08,  5.00E-06,  1.993E+02,  5.197E-19,  3.1,  3.1
      963.000, 0.0, 2.41E-08,  5.00E-06,  2.224E+02,  4.656E-19,  3.1,  3.1
      964.000, 0.0, 2.70E-08,  5.00E-06,  2.475E+02,  4.180E-19,  3.1,  3.1
      965.000, 0.0, 2.95E-08,  5.00E-06,  2.694E+02,  3.838E-19,  3.1,  3.1
      966.000, 0.0, 3.22E-08,  5.00E-06,  2.926E+02,  3.532E-19,  3.1,  3.1
      967.000, 0.0, 3.52E-08,  5.00E-06,  3.173E+02,  3.255E-19,  3.1,  3.1
      968.000, 0.0, 3.83E-08,  5.00E-06,  3.437E+02,  3.003E-19,  3.1,  3.1
      969.000, 0.0, 4.16E-08,  5.00E-06,  3.719E+02,  2.774E-19,  3.1,  3.1
      970.000, 0.0, 4.52E-08,  5.00E-06,  4.019E+02,  2.566E-19,  3.1,  3.1
      971.000, 0.0, 4.91E-08,  5.00E-06,  4.339E+02,  2.376E-19,  3.1,  3.1
      972.000, 0.0, 5.32E-08,  5.00E-06,  4.679E+02,  2.202E-19,  3.1,  3.1
      973.000, 0.0, 5.79E-08,  5.00E-06,  5.067E+02,  2.033E-19,  3.1,  3.1
      974.000, 0.0, 6.30E-08,  5.00E-06,  5.489E+02,  1.876E-19,  3.1,  3.1
      975.000, 0.0, 6.86E-08,  5.00E-06,  5.940E+02,  1.734E-19,  3.1,  3.1
      976.000, 0.0, 7.45E-08,  5.00E-06,  6.420E+02,  1.604E-19,  3.1,  3.1
      977.000, 0.0, 8.08E-08,  5.00E-06,  6.931E+02,  1.486E-19,  3.1,  3.1
      978.000, 0.0, 8.76E-08,  5.00E-06,  7.474E+02,  1.378E-19,  3.1,  3.1
      979.000, 0.0, 9.49E-08,  5.00E-06,  8.053E+02,  1.279E-19,  3.1,  3.1
      980.000, 0.0, 1.03E-07,  5.00E-06,  8.667E+02,  1.189E-19,  3.1,  3.1
      981.000, 0.0, 1.12E-07,  5.00E-06,  9.416E+02,  1.095E-19,  3.1,  3.1
      982.000, 0.0, 1.23E-07,  5.00E-06,  1.029E+03,  1.003E-19,  3.1,  3.1
      983.000, 0.0, 1.35E-07,  5.00E-06,  1.122E+03,  9.203E-20,  3.1,  3.1
      984.000, 0.0, 1.48E-07,  5.00E-06,  1.222E+03,  8.458E-20,  3.1,  3.1
      985.000, 0.0, 1.62E-07,  5.00E-06,  1.329E+03,  7.785E-20,  3.1,  3.1
      986.000, 0.0, 1.77E-07,  5.00E-06,  1.444E+03,  7.176E-20,  3.1,  3.1
      987.000, 0.0, 1.93E-07,  5.00E-06,  1.569E+03,  6.616E-20,  3.1,  3.1
      988.000, 0.0, 2.14E-07,  5.00E-06,  1.728E+03,  6.019E-20,  3.1,  3.1
      989.000, 0.0, 2.36E-07,  5.00E-06,  1.901E+03,  5.486E-20,  3.1,  3.1
      990.000, 0.0, 2.61E-07,  5.00E-06,  2.087E+03,  5.011E-20,  3.1,  3.1
      991.000, 0.0, 2.87E-07,  5.00E-06,  2.288E+03,  4.587E-20,  3.1,  3.1
      992.000, 0.0, 3.19E-07,  5.00E-06,  2.522E+03,  4.177E-20,  3.1,  3.1
      993.000, 0.0, 3.65E-07,  5.00E-06,  2.873E+03,  3.689E-20,  3.1,  3.1
      994.000, 0.0, 4.17E-07,  5.00E-06,  3.264E+03,  3.270E-20,  3.1,  3.1
      995.000, 0.0, 4.75E-07,  5.00E-06,  3.696E+03,  2.911E-20,  3.1,  3.1
      996.000, 0.0, 5.44E-07,  5.00E-06,  4.209E+03,  2.580E-20,  3.1,  3.1
      997.000, 0.0, 6.21E-07,  5.00E-06,  4.782E+03,  2.296E-20,  3.1,  3.1
      998.000, 0.0, 7.07E-07,  5.00E-06,  5.416E+03,  2.051E-20,  3.1,  3.1
      999.000, 0.0, 8.03E-07,  5.00E-06,  6.117E+03,  1.840E-20,  3.1,  3.1
      1000.00, 0.0, 9.10E-07,  5.00E-06,  6.890E+03,  1.657E-20,  3.1,  3.1
      1001.00, 0.0, 9.75E-07,  5.00E-06,  7.339E+03,  1.569E-20,  3.1,  3.1
      1002.00, 0.0, 1.04E-06,  5.00E-06,  7.756E+03,  1.496E-20,  3.1,  3.1
      1003.00, 0.0, 1.09E-06,  5.00E-06,  8.091E+03,  1.444E-20,  3.1,  3.1
      1004.00, 0.0, 1.14E-06,  5.00E-06,  8.437E+03,  1.393E-20,  3.1,  3.1
      1005.00, 0.0, 1.20E-06,  5.00E-06,  8.796E+03,  1.346E-20,  3.1,  3.1
      1006.00, 0.0, 1.25E-06,  5.00E-06,  9.167E+03,  1.300E-20,  3.1,  3.1
      1007.00, 0.0, 1.31E-06,  5.00E-06,  9.550E+03,  1.257E-20,  3.1,  3.1
      1008.00, 0.0, 1.38E-06,  5.00E-06,  9.947E+03,  1.217E-20,  3.1,  3.1
      1009.00, 0.0, 1.44E-06,  5.00E-06,  1.036E+04,  1.178E-20,  3.1,  3.1
      1010.00, 0.0, 1.50E-06,  5.00E-06,  1.075E+04,  1.144E-20,  3.1,  3.1
      1011.00, 0.0, 1.55E-06,  5.00E-06,  1.100E+04,  1.123E-20,  3.1,  3.1
      1012.00, 0.0, 1.59E-06,  5.00E-06,  1.126E+04,  1.103E-20,  3.1,  3.1
      1013.00, 0.0, 1.64E-06,  5.00E-06,  1.152E+04,  1.084E-20,  3.1,  3.1
      1014.00, 0.0, 1.69E-06,  5.00E-06,  1.178E+04,  1.065E-20,  3.1,  3.1
      1015.00, 0.0, 1.74E-06,  5.00E-06,  1.206E+04,  1.047E-20,  3.1,  3.1
      1016.00, 0.0, 1.79E-06,  5.00E-06,  1.233E+04,  1.029E-20,  3.1,  3.1
      1017.00, 0.0, 1.84E-06,  5.00E-06,  1.262E+04,  1.012E-20,  3.1,  3.1
      1018.00, 0.0, 1.89E-06,  5.00E-06,  1.290E+04,  9.961E-21,  3.1,  3.1
      1019.00, 0.0, 1.92E-06,  5.00E-06,  1.298E+04,  9.920E-21,  3.1,  3.1
      1020.00, 0.0, 1.94E-06,  5.00E-06,  1.306E+04,  9.881E-21,  3.1,  3.1
      1021.00, 0.0, 1.96E-06,  5.00E-06,  1.315E+04,  9.842E-21,  3.1,  3.1
      1022.00, 0.0, 1.99E-06,  5.00E-06,  1.323E+04,  9.803E-21,  3.1,  3.1
      1023.00, 0.0, 2.01E-06,  5.00E-06,  1.331E+04,  9.766E-21,  3.1,  3.1
      1024.00, 0.0, 2.04E-06,  5.00E-06,  1.339E+04,  9.728E-21,  3.1,  3.1
      1025.00, 0.0, 2.06E-06,  5.00E-06,  1.348E+04,  9.692E-21,  3.1,  3.1
      1026.00, 0.0, 2.09E-06,  5.00E-06,  1.356E+04,  9.656E-21,  3.1,  3.1
      1027.00, 0.0, 2.12E-06,  5.00E-06,  1.365E+04,  9.619E-21,  3.1,  3.1
      1028.00, 0.0, 2.14E-06,  5.00E-06,  1.374E+04,  9.583E-21,  3.1,  3.1
      1029.00, 0.0, 2.17E-06,  5.00E-06,  1.383E+04,  9.547E-21,  3.1,  3.1
      1030.00, 0.0, 2.20E-06,  5.00E-06,  1.392E+04,  9.511E-21,  3.1,  3.1
      1031.00, 0.0, 2.23E-06,  5.00E-06,  1.401E+04,  9.477E-21,  3.1,  3.1
      1032.00, 0.0, 2.26E-06,  5.00E-06,  1.410E+04,  9.443E-21,  3.1,  3.1
      1033.00, 0.0, 2.29E-06,  5.00E-06,  1.419E+04,  9.409E-21,  3.1,  3.1
      1034.00, 0.0, 2.32E-06,  5.00E-06,  1.428E+04,  9.377E-21,  3.1,  3.1
      1035.00, 0.0, 2.35E-06,  5.00E-06,  1.437E+04,  9.345E-21,  3.1,  3.1
      1036.00, 0.0, 2.38E-06,  5.00E-06,  1.446E+04,  9.313E-21,  3.1,  3.1
      1037.00, 0.0, 2.41E-06,  5.00E-06,  1.455E+04,  9.282E-21,  3.1,  3.1
      1038.00, 0.0, 2.45E-06,  5.00E-06,  1.470E+04,  9.230E-21,  3.1,  3.1
      1039.00, 0.0, 2.50E-06,  5.00E-06,  1.491E+04,  9.149E-21,  3.1,  3.1
      1040.00, 0.0, 2.55E-06,  5.00E-06,  1.513E+04,  9.070E-21,  3.1,  3.1
      1041.00, 0.0, 2.61E-06,  5.00E-06,  1.534E+04,  8.993E-21,  3.1,  3.1
      1042.00, 0.0, 2.66E-06,  5.00E-06,  1.556E+04,  8.917E-21,  3.1,  3.1
      1043.00, 0.0, 2.72E-06,  5.00E-06,  1.579E+04,  8.844E-21,  3.1,  3.1
      1044.00, 0.0, 2.77E-06,  5.00E-06,  1.601E+04,  8.772E-21,  3.1,  3.1
      1045.00, 0.0, 2.83E-06,  5.00E-06,  1.624E+04,  8.702E-21,  3.1,  3.1
      1046.00, 0.0, 2.89E-06,  5.00E-06,  1.647E+04,  8.634E-21,  3.1,  3.1
      1047.00, 0.0, 2.95E-06,  5.00E-06,  1.671E+04,  8.568E-21,  3.1,  3.1
      1048.00, 0.0, 3.00E-06,  5.00E-06,  1.685E+04,  8.534E-21,  3.1,  3.1
      1049.00, 0.0, 3.04E-06,  5.00E-06,  1.693E+04,  8.521E-21,  3.1,  3.1
      1050.00, 0.0, 3.07E-06,  5.00E-06,  1.702E+04,  8.509E-21,  3.1,  3.1
      1051.00, 0.0, 3.11E-06,  5.00E-06,  1.710E+04,  8.497E-21,  3.1,  3.1
      1052.00, 0.0, 3.15E-06,  5.00E-06,  1.719E+04,  8.485E-21,  3.1,  3.1
      1053.00, 0.0, 3.19E-06,  5.00E-06,  1.727E+04,  8.474E-21,  3.1,  3.1
      1054.00, 0.0, 3.22E-06,  5.00E-06,  1.736E+04,  8.464E-21,  3.1,  3.1
      1055.00, 0.0, 3.26E-06,  5.00E-06,  1.744E+04,  8.454E-21,  3.1,  3.1
      1056.00, 0.0, 3.30E-06,  5.00E-06,  1.753E+04,  8.445E-21,  3.1,  3.1
      1057.00, 0.0, 3.34E-06,  5.00E-06,  1.761E+04,  8.436E-21,  3.1,  3.1
      1058.00, 0.0, 3.38E-06,  5.00E-06,  1.770E+04,  8.427E-21,  3.1,  3.1
      1059.00, 0.0, 3.43E-06,  5.00E-06,  1.781E+04,  8.412E-21,  3.1,  3.1
      1060.00, 0.0, 3.50E-06,  5.00E-06,  1.803E+04,  8.366E-21,  3.1,  3.1
      1061.00, 0.0, 3.57E-06,  5.00E-06,  1.825E+04,  8.322E-21,  3.1,  3.1
      1062.00, 0.0, 3.64E-06,  5.00E-06,  1.848E+04,  8.278E-21,  3.1,  3.1
      1063.00, 0.0, 3.71E-06,  5.00E-06,  1.871E+04,  8.236E-21,  3.1,  3.1
      1064.00, 0.0, 3.78E-06,  5.00E-06,  1.893E+04,  8.196E-21,  3.1,  3.1
      1065.00, 0.0, 3.86E-06,  5.00E-06,  1.917E+04,  8.156E-21,  3.1,  3.1
      1066.00, 0.0, 3.94E-06,  5.00E-06,  1.940E+04,  8.118E-21,  3.1,  3.1
      1067.00, 0.0, 4.01E-06,  5.00E-06,  1.964E+04,  8.081E-21,  3.1,  3.1
      1068.00, 0.0, 4.09E-06,  5.00E-06,  1.987E+04,  8.046E-21,  3.1,  3.1
      1069.00, 0.0, 4.18E-06,  5.00E-06,  2.012E+04,  8.012E-21,  3.1,  3.1
      1070.00, 0.0, 4.26E-06,  5.00E-06,  2.036E+04,  7.979E-21,  3.1,  3.1
      1071.00, 0.0, 4.35E-06,  5.00E-06,  2.062E+04,  7.944E-21,  3.1,  3.1
      1072.00, 0.0, 4.44E-06,  5.00E-06,  2.089E+04,  7.909E-21,  3.1,  3.1
      1073.00, 0.0, 4.53E-06,  5.00E-06,  2.116E+04,  7.876E-21,  3.1,  3.1
      1074.00, 0.0, 4.63E-06,  5.00E-06,  2.143E+04,  7.844E-21,  3.1,  3.1
      1075.00, 0.0, 4.73E-06,  5.00E-06,  2.171E+04,  7.814E-21,  3.1,  3.1
      1076.00, 0.0, 4.83E-06,  5.00E-06,  2.199E+04,  7.785E-21,  3.1,  3.1
      1077.00, 0.0, 4.93E-06,  5.00E-06,  2.227E+04,  7.757E-21,  3.1,  3.1
      1078.00, 0.0, 5.03E-06,  5.00E-06,  2.255E+04,  7.731E-21,  3.1,  3.1
      1079.00, 0.0, 5.14E-06,  5.00E-06,  2.284E+04,  7.705E-21,  3.1,  3.1
      1080.00, 0.0, 5.25E-06,  5.00E-06,  2.313E+04,  7.681E-21,  3.1,  3.1
      1081.00, 0.0, 5.36E-06,  5.00E-06,  2.343E+04,  7.659E-21,  3.1,  3.1
      1082.00, 0.0, 5.47E-06,  5.00E-06,  2.372E+04,  7.638E-21,  3.1,  3.1
      1083.00, 0.0, 5.59E-06,  5.00E-06,  2.402E+04,  7.618E-21,  3.1,  3.1
      1084.00, 0.0, 5.69E-06,  5.00E-06,  2.428E+04,  7.606E-21,  3.1,  3.1
      1085.00, 0.0, 5.80E-06,  5.00E-06,  2.451E+04,  7.600E-21,  3.1,  3.1
      1086.00, 0.0, 5.90E-06,  5.00E-06,  2.475E+04,  7.594E-21,  3.1,  3.1
      1087.00, 0.0, 6.01E-06,  5.00E-06,  2.499E+04,  7.590E-21,  3.1,  3.1
      1088.00, 0.0, 6.12E-06,  5.00E-06,  2.522E+04,  7.586E-21,  3.1,  3.1
      1089.00, 0.0, 6.24E-06,  5.00E-06,  2.547E+04,  7.584E-21,  3.1,  3.1
      1090.00, 0.0, 6.35E-06,  5.00E-06,  2.571E+04,  7.582E-21,  3.1,  3.1
      1091.00, 0.0, 6.47E-06,  5.00E-06,  2.595E+04,  7.581E-21,  3.1,  3.1
      1092.00, 0.0, 6.59E-06,  5.00E-06,  2.620E+04,  7.582E-21,  3.1,  3.1
      1093.00, 0.0, 6.71E-06,  5.00E-06,  2.645E+04,  7.583E-21,  3.1,  3.1
      1094.00, 0.0, 6.84E-06,  5.00E-06,  2.670E+04,  7.586E-21,  3.1,  3.1
      1095.00, 0.0, 6.97E-06,  5.00E-06,  2.695E+04,  7.590E-21,  3.1,  3.1
      1096.00, 0.0, 7.10E-06,  5.00E-06,  2.721E+04,  7.594E-21,  3.1,  3.1
      1097.00, 0.0, 7.23E-06,  5.00E-06,  2.746E+04,  7.600E-21,  3.1,  3.1
      1098.00, 0.0, 7.37E-06,  5.00E-06,  2.772E+04,  7.607E-21,  3.1,  3.1
      1099.00, 0.0, 7.50E-06,  5.00E-06,  2.796E+04,  7.617E-21,  3.1,  3.1
      1100.00, 0.0, 7.64E-06,  5.00E-06,  2.821E+04,  7.628E-21,  3.1,  3.1
      1101.00, 0.0, 7.78E-06,  5.00E-06,  2.845E+04,  7.640E-21,  3.1,  3.1
      1102.00, 0.0, 7.93E-06,  5.00E-06,  2.870E+04,  7.654E-21,  3.1,  3.1
      1103.00, 0.0, 8.07E-06,  5.00E-06,  2.894E+04,  7.668E-21,  3.1,  3.1
      1104.00, 0.0, 8.22E-06,  5.00E-06,  2.919E+04,  7.684E-21,  3.1,  3.1
      1105.00, 0.0, 8.38E-06,  5.00E-06,  2.945E+04,  7.701E-21,  3.1,  3.1
      1106.00, 0.0, 8.53E-06,  5.00E-06,  2.970E+04,  7.718E-21,  3.1,  3.1
      1107.00, 0.0, 8.69E-06,  5.00E-06,  2.995E+04,  7.738E-21,  3.1,  3.1
      1108.00, 0.0, 8.86E-06,  5.00E-06,  3.021E+04,  7.758E-21,  3.1,  3.1
      1109.00, 0.0, 9.02E-06,  5.00E-06,  3.047E+04,  7.779E-21,  3.1,  3.1
      1110.00, 0.0, 9.20E-06,  5.00E-06,  3.073E+04,  7.802E-21,  3.1,  3.1
      1111.00, 0.0, 9.37E-06,  5.00E-06,  3.099E+04,  7.826E-21,  3.1,  3.1
      1112.00, 0.0, 9.55E-06,  5.00E-06,  3.125E+04,  7.851E-21,  3.1,  3.1
      1113.00, 0.0, 9.73E-06,  5.00E-06,  3.152E+04,  7.878E-21,  3.1,  3.1
      1114.00, 0.0, 9.92E-06,  5.00E-06,  3.179E+04,  7.905E-21,  3.1,  3.1
      1115.00, 0.0, 1.01E-05,  5.00E-06,  3.201E+04,  7.939E-21,  3.1,  3.1
      1116.00, 0.0, 1.03E-05,  5.00E-06,  3.220E+04,  7.976E-21,  3.1,  3.1
      1117.00, 0.0, 1.04E-05,  5.00E-06,  3.240E+04,  8.014E-21,  3.1,  3.1
      1118.00, 0.0, 1.06E-05,  5.00E-06,  3.260E+04,  8.054E-21,  3.1,  3.1
      1119.00, 0.0, 1.08E-05,  5.00E-06,  3.279E+04,  8.095E-21,  3.1,  3.1
      1120.00, 0.0, 1.10E-05,  5.00E-06,  3.299E+04,  8.138E-21,  3.1,  3.1
      1121.00, 0.0, 1.12E-05,  5.00E-06,  3.319E+04,  8.182E-21,  3.1,  3.1
      1122.00, 0.0, 1.14E-05,  5.00E-06,  3.339E+04,  8.227E-21,  3.1,  3.1
      1123.00, 0.0, 1.16E-05,  5.00E-06,  3.359E+04,  8.274E-21,  3.1,  3.1
      1124.00, 0.0, 1.18E-05,  5.00E-06,  3.380E+04,  8.322E-21,  3.1,  3.1
      1125.00, 0.0, 1.20E-05,  5.00E-06,  3.400E+04,  8.373E-21,  3.1,  3.1
      1126.00, 0.0, 1.22E-05,  5.00E-06,  3.420E+04,  8.424E-21,  3.1,  3.1
      1127.00, 0.0, 1.25E-05,  5.00E-06,  3.441E+04,  8.478E-21,  3.1,  3.1
      1128.00, 0.0, 1.27E-05,  5.00E-06,  3.462E+04,  8.533E-21,  3.1,  3.1
      1129.00, 0.0, 1.29E-05,  5.00E-06,  3.482E+04,  8.590E-21,  3.1,  3.1
      1130.00, 0.0, 1.32E-05,  5.00E-06,  3.503E+04,  8.649E-21,  3.1,  3.1
      1131.00, 0.0, 1.34E-05,  5.00E-06,  3.524E+04,  8.710E-21,  3.1,  3.1
      1132.00, 0.0, 1.37E-05,  5.00E-06,  3.545E+04,  8.773E-21,  3.1,  3.1
      1133.00, 0.0, 1.39E-05,  5.00E-06,  3.566E+04,  8.838E-21,  3.1,  3.1
      1134.00, 0.0, 1.42E-05,  5.00E-06,  3.587E+04,  8.905E-21,  3.1,  3.1
      1135.00, 0.0, 1.44E-05,  5.00E-06,  3.586E+04,  8.990E-21,  3.1,  3.1
      1136.00, 0.0, 1.46E-05,  5.00E-06,  3.585E+04,  9.076E-21,  3.1,  3.1
      1137.00, 0.0, 1.48E-05,  5.00E-06,  3.584E+04,  9.165E-21,  3.1,  3.1
      1138.00, 0.0, 1.50E-05,  5.00E-06,  3.582E+04,  9.257E-21,  3.1,  3.1
      1139.00, 0.0, 1.51E-05,  5.00E-06,  3.579E+04,  9.352E-21,  3.1,  3.1
      1140.00, 0.0, 1.53E-05,  5.00E-06,  3.576E+04,  9.450E-21,  3.1,  3.1
      1141.00, 0.0, 1.56E-05,  5.00E-06,  3.573E+04,  9.550E-21,  3.1,  3.1
      1142.00, 0.0, 1.58E-05,  5.00E-06,  3.570E+04,  9.652E-21,  3.1,  3.1
      1143.00, 0.0, 1.60E-05,  5.00E-06,  3.567E+04,  9.758E-21,  3.1,  3.1
      1144.00, 0.0, 1.62E-05,  5.00E-06,  3.564E+04,  9.867E-21,  3.1,  3.1
      1145.00, 0.0, 1.64E-05,  5.00E-06,  3.560E+04,  9.979E-21,  3.1,  3.1
      1146.00, 0.0, 1.67E-05,  5.00E-06,  3.557E+04,  1.009E-20,  3.1,  3.1
      1147.00, 0.0, 1.69E-05,  5.00E-06,  3.553E+04,  1.021E-20,  3.1,  3.1
      1148.00, 0.0, 1.72E-05,  5.00E-06,  3.550E+04,  1.033E-20,  3.1,  3.1
      1149.00, 0.0, 1.74E-05,  5.00E-06,  3.546E+04,  1.046E-20,  3.1,  3.1
      1150.00, 0.0, 1.77E-05,  5.00E-06,  3.543E+04,  1.059E-20,  3.1,  3.1
      1151.00, 0.0, 1.79E-05,  5.00E-06,  3.539E+04,  1.072E-20,  3.1,  3.1
      1152.00, 0.0, 1.82E-05,  5.00E-06,  3.536E+04,  1.086E-20,  3.1,  3.1
      1153.00, 0.0, 1.86E-05,  5.00E-06,  3.543E+04,  1.100E-20,  3.1,  3.1
      1154.00, 0.0, 1.89E-05,  5.00E-06,  3.551E+04,  1.113E-20,  3.1,  3.1
      1155.00, 0.0, 1.93E-05,  5.00E-06,  3.559E+04,  1.128E-20,  3.1,  3.1
      1156.00, 0.0, 1.97E-05,  5.00E-06,  3.566E+04,  1.143E-20,  3.1,  3.1
      1157.00, 0.0, 2.01E-05,  5.00E-06,  3.574E+04,  1.158E-20,  3.1,  3.1
      1158.00, 0.0, 2.05E-05,  5.00E-06,  3.581E+04,  1.174E-20,  3.1,  3.1
      1159.00, 0.0, 2.09E-05,  5.00E-06,  3.588E+04,  1.191E-20,  3.1,  3.1
      1160.00, 0.0, 2.13E-05,  5.00E-06,  3.596E+04,  1.208E-20,  3.1,  3.1
      1161.00, 0.0, 2.18E-05,  5.00E-06,  3.603E+04,  1.226E-20,  3.1,  3.1
      1162.00, 0.0, 2.23E-05,  5.00E-06,  3.610E+04,  1.245E-20,  3.1,  3.1
      1163.00, 0.0, 2.27E-05,  5.00E-06,  3.616E+04,  1.264E-20,  3.1,  3.1
      1164.00, 0.0, 2.33E-05,  5.00E-06,  3.623E+04,  1.284E-20,  3.1,  3.1
      1165.00, 0.0, 2.38E-05,  5.00E-06,  3.630E+04,  1.305E-20,  3.1,  3.1
      1166.00, 0.0, 2.42E-05,  5.00E-06,  3.624E+04,  1.328E-20,  3.1,  3.1
      1167.00, 0.0, 2.47E-05,  5.00E-06,  3.617E+04,  1.351E-20,  3.1,  3.1
      1168.00, 0.0, 2.52E-05,  5.00E-06,  3.611E+04,  1.376E-20,  3.1,  3.1
      1169.00, 0.0, 2.57E-05,  5.00E-06,  3.604E+04,  1.402E-20,  3.1,  3.1
      1170.00, 0.0, 2.63E-05,  5.00E-06,  3.598E+04,  1.429E-20,  3.1,  3.1
      1171.00, 0.0, 2.68E-05,  5.00E-06,  3.591E+04,  1.457E-20,  3.1,  3.1
      1172.00, 0.0, 2.74E-05,  5.00E-06,  3.584E+04,  1.486E-20,  3.1,  3.1
      1173.00, 0.0, 2.80E-05,  5.00E-06,  3.577E+04,  1.516E-20,  3.1,  3.1
      1174.00, 0.0, 2.87E-05,  5.00E-06,  3.570E+04,  1.549E-20,  3.1,  3.1
      1175.00, 0.0, 2.93E-05,  5.00E-06,  3.563E+04,  1.582E-20,  3.1,  3.1
      1176.00, 0.0, 3.00E-05,  5.00E-06,  3.556E+04,  1.618E-20,  3.1,  3.1
      1177.00, 0.0, 3.08E-05,  5.00E-06,  3.548E+04,  1.655E-20,  3.1,  3.1
      1178.00, 0.0, 3.15E-05,  5.00E-06,  3.541E+04,  1.694E-20,  3.1,  3.1
      1179.00, 0.0, 3.24E-05,  5.00E-06,  3.533E+04,  1.735E-20,  3.1,  3.1
      1180.00, 0.0, 3.32E-05,  5.00E-06,  3.526E+04,  1.779E-20,  3.1,  3.1
      1181.00, 0.0, 3.41E-05,  5.00E-06,  3.518E+04,  1.825E-20,  3.1,  3.1
      1182.00, 0.0, 3.51E-05,  5.00E-06,  3.512E+04,  1.873E-20,  3.1,  3.1
      1183.00, 0.0, 3.62E-05,  5.00E-06,  3.507E+04,  1.925E-20,  3.1,  3.1
      1184.00, 0.0, 3.73E-05,  5.00E-06,  3.502E+04,  1.980E-20,  3.1,  3.1
      1185.00, 0.0, 3.85E-05,  5.00E-06,  3.496E+04,  2.038E-20,  3.1,  3.1
      1186.00, 0.0, 3.98E-05,  5.00E-06,  3.491E+04,  2.101E-20,  3.1,  3.1
      1187.00, 0.0, 4.11E-05,  5.00E-06,  3.485E+04,  2.167E-20,  3.1,  3.1
      1188.00, 0.0, 4.26E-05,  5.00E-06,  3.480E+04,  2.239E-20,  3.1,  3.1
      1189.00, 0.0, 4.41E-05,  5.00E-06,  3.474E+04,  2.316E-20,  3.1,  3.1
      1190.00, 0.0, 4.58E-05,  5.00E-06,  3.468E+04,  2.399E-20,  3.1,  3.1
      1191.00, 0.0, 4.76E-05,  5.00E-06,  3.462E+04,  2.488E-20,  3.1,  3.1
      1192.00, 0.0, 4.94E-05,  5.00E-06,  3.447E+04,  2.586E-20,  3.1,  3.1
      1193.00, 0.0, 5.14E-05,  5.00E-06,  3.429E+04,  2.693E-20,  3.1,  3.1
      1194.00, 0.0, 5.35E-05,  5.00E-06,  3.411E+04,  2.809E-20,  3.1,  3.1
      1195.00, 0.0, 5.59E-05,  5.00E-06,  3.393E+04,  2.936E-20,  3.1,  3.1
      1196.00, 0.0, 5.85E-05,  5.00E-06,  3.376E+04,  3.076E-20,  3.1,  3.1
      1197.00, 0.0, 6.13E-05,  5.00E-06,  3.358E+04,  3.232E-20,  3.1,  3.1
      1198.00, 0.0, 6.45E-05,  5.00E-06,  3.340E+04,  3.404E-20,  3.1,  3.1
      1199.00, 0.0, 6.81E-05,  5.00E-06,  3.322E+04,  3.598E-20,  3.1,  3.1
      1200.00, 0.0, 7.21E-05,  5.00E-06,  3.305E+04,  3.815E-20,  3.1,  3.1
      1201.00, 0.0, 7.67E-05,  5.00E-06,  3.287E+04,  4.063E-20,  3.1,  3.1
      1202.00, 0.0, 8.19E-05,  5.00E-06,  3.269E+04,  4.346E-20,  3.1,  3.1
      1203.00, 0.0, 8.83E-05,  5.00E-06,  3.266E+04,  4.673E-20,  3.1,  3.1
      1204.00, 0.0, 9.59E-05,  5.00E-06,  3.262E+04,  5.056E-20,  3.1,  3.1
      1205.00, 0.0, 1.05E-04,  5.00E-06,  3.259E+04,  5.510E-20,  3.1,  3.1
      1206.00, 0.0, 1.16E-04,  5.00E-06,  3.255E+04,  6.059E-20,  3.1,  3.1
      1207.00, 0.0, 1.29E-04,  5.00E-06,  3.252E+04,  6.734E-20,  3.1,  3.1
      1208.00, 0.0, 1.46E-04,  5.00E-06,  3.249E+04,  7.585E-20,  3.1,  3.1
      1209.00, 0.0, 1.68E-04,  5.00E-06,  3.245E+04,  8.691E-20,  3.1,  3.1
      1210.00, 0.0, 1.97E-04,  5.00E-06,  3.242E+04,  1.019E-19,  3.1,  3.1
      1211.00, 0.0, 2.39E-04,  5.00E-06,  3.238E+04,  1.232E-19,  3.1,  3.1
      1212.00, 0.0, 3.04E-04,  5.00E-06,  3.235E+04,  1.563E-19,  3.1,  3.1
      1213.00, 0.0, 4.18E-04,  5.00E-06,  3.231E+04,  2.140E-19,  3.1,  3.1
      1214.00, 0.0, 6.68E-04,  5.00E-06,  3.228E+04,  3.408E-19,  3.1,  3.1
      1215.00, 0.0, 1.66E-03,  5.00E-06,  3.224E+04,  8.446E-19,  3.1,  3.1
      1216.00, 0.0, 3.35E-03,  5.00E-06,  3.221E+04,  1.701E-18,  3.1,  3.1
      1217.00, 0.0, 8.38E-04,  5.00E-06,  3.217E+04,  4.282E-19,  3.1,  3.1
      1218.00, 0.0, 4.79E-04,  5.00E-06,  3.214E+04,  2.458E-19,  3.1,  3.1
      1219.00, 0.0, 3.35E-04,  5.00E-06,  3.211E+04,  1.729E-19,  3.1,  3.1
      1220.00, 0.0, 2.57E-04,  5.00E-06,  3.207E+04,  1.337E-19,  3.1,  3.1
      1221.00, 0.0, 2.09E-04,  5.00E-06,  3.204E+04,  1.092E-19,  3.1,  3.1
      1222.00, 0.0, 1.76E-04,  5.00E-06,  3.200E+04,  9.240E-20,  3.1,  3.1
      1223.00, 0.0, 1.52E-04,  5.00E-06,  3.197E+04,  8.021E-20,  3.1,  3.1
      1224.00, 0.0, 1.34E-04,  5.00E-06,  3.193E+04,  7.094E-20,  3.1,  3.1
      1225.00, 0.0, 1.19E-04,  5.00E-06,  3.190E+04,  6.366E-20,  3.1,  3.1
      1226.00, 0.0, 1.08E-04,  5.00E-06,  3.186E+04,  5.779E-20,  3.1,  3.1
      1227.00, 0.0, 9.82E-05,  5.00E-06,  3.183E+04,  5.296E-20,  3.1,  3.1
      1228.00, 0.0, 9.02E-05,  5.00E-06,  3.180E+04,  4.891E-20,  3.1,  3.1
      1229.00, 0.0, 8.35E-05,  5.00E-06,  3.178E+04,  4.546E-20,  3.1,  3.1
      1230.00, 0.0, 7.77E-05,  5.00E-06,  3.176E+04,  4.250E-20,  3.1,  3.1
      1231.00, 0.0, 7.26E-05,  5.00E-06,  3.174E+04,  3.992E-20,  3.1,  3.1
      1232.00, 0.0, 6.82E-05,  5.00E-06,  3.171E+04,  3.766E-20,  3.1,  3.1
      1233.00, 0.0, 6.42E-05,  5.00E-06,  3.169E+04,  3.566E-20,  3.1,  3.1
      1234.00, 0.0, 6.07E-05,  5.00E-06,  3.167E+04,  3.388E-20,  3.1,  3.1
      1235.00, 0.0, 5.76E-05,  5.00E-06,  3.165E+04,  3.228E-20,  3.1,  3.1
      1236.00, 0.0, 5.48E-05,  5.00E-06,  3.162E+04,  3.084E-20,  3.1,  3.1
      1237.00, 0.0, 5.22E-05,  5.00E-06,  3.160E+04,  2.954E-20,  3.1,  3.1
      1238.00, 0.0, 4.99E-05,  5.00E-06,  3.158E+04,  2.835E-20,  3.1,  3.1
      1239.00, 0.0, 4.77E-05,  5.00E-06,  3.156E+04,  2.726E-20,  3.1,  3.1
      1240.00, 0.0, 4.58E-05,  5.00E-06,  3.153E+04,  2.627E-20,  3.1,  3.1
      1241.00, 0.0, 4.40E-05,  5.00E-06,  3.151E+04,  2.535E-20,  3.1,  3.1
      1242.00, 0.0, 4.23E-05,  5.00E-06,  3.149E+04,  2.450E-20,  3.1,  3.1
      1243.00, 0.0, 4.08E-05,  5.00E-06,  3.147E+04,  2.371E-20,  3.1,  3.1
      1244.00, 0.0, 3.93E-05,  5.00E-06,  3.144E+04,  2.298E-20,  3.1,  3.1
      1245.00, 0.0, 3.80E-05,  5.00E-06,  3.142E+04,  2.230E-20,  3.1,  3.1
      1246.00, 0.0, 3.67E-05,  5.00E-06,  3.140E+04,  2.166E-20,  3.1,  3.1
      1247.00, 0.0, 3.56E-05,  5.00E-06,  3.137E+04,  2.107E-20,  3.1,  3.1
      1248.00, 0.0, 3.45E-05,  5.00E-06,  3.135E+04,  2.051E-20,  3.1,  3.1
      1249.00, 0.0, 3.34E-05,  5.00E-06,  3.133E+04,  1.998E-20,  3.1,  3.1
      1250.00, 0.0, 3.25E-05,  5.00E-06,  3.130E+04,  1.949E-20,  3.1,  3.1
      1251.00, 0.0, 3.16E-05,  5.00E-06,  3.128E+04,  1.902E-20,  3.1,  3.1
      1252.00, 0.0, 3.07E-05,  5.00E-06,  3.126E+04,  1.858E-20,  3.1,  3.1
      1253.00, 0.0, 2.99E-05,  5.00E-06,  3.123E+04,  1.816E-20,  3.1,  3.1
      1254.00, 0.0, 2.91E-05,  5.00E-06,  3.121E+04,  1.777E-20,  3.1,  3.1
      1255.00, 0.0, 2.84E-05,  5.00E-06,  3.119E+04,  1.739E-20,  3.1,  3.1
      1256.00, 0.0, 2.76E-05,  5.00E-06,  3.116E+04,  1.704E-20,  3.1,  3.1
      1257.00, 0.0, 2.70E-05,  5.00E-06,  3.114E+04,  1.670E-20,  3.1,  3.1
      1258.00, 0.0, 2.63E-05,  5.00E-06,  3.112E+04,  1.637E-20,  3.1,  3.1
      1259.00, 0.0, 2.57E-05,  5.00E-06,  3.109E+04,  1.606E-20,  3.1,  3.1
      1260.00, 0.0, 2.52E-05,  5.00E-06,  3.106E+04,  1.577E-20,  3.1,  3.1
      1261.00, 0.0, 2.46E-05,  5.00E-06,  3.100E+04,  1.549E-20,  3.1,  3.1
      1262.00, 0.0, 2.40E-05,  5.00E-06,  3.093E+04,  1.522E-20,  3.1,  3.1
      1263.00, 0.0, 2.35E-05,  5.00E-06,  3.087E+04,  1.497E-20,  3.1,  3.1
      1264.00, 0.0, 2.30E-05,  5.00E-06,  3.080E+04,  1.473E-20,  3.1,  3.1
      1265.00, 0.0, 2.25E-05,  5.00E-06,  3.074E+04,  1.449E-20,  3.1,  3.1
      1266.00, 0.0, 2.20E-05,  5.00E-06,  3.068E+04,  1.427E-20,  3.1,  3.1
      1267.00, 0.0, 2.15E-05,  5.00E-06,  3.061E+04,  1.405E-20,  3.1,  3.1
      1268.00, 0.0, 2.11E-05,  5.00E-06,  3.055E+04,  1.384E-20,  3.1,  3.1
      1269.00, 0.0, 2.07E-05,  5.00E-06,  3.048E+04,  1.364E-20,  3.1,  3.1
      1270.00, 0.0, 2.03E-05,  5.00E-06,  3.042E+04,  1.345E-20,  3.1,  3.1
      1271.00, 0.0, 1.99E-05,  5.00E-06,  3.036E+04,  1.327E-20,  3.1,  3.1
      1272.00, 0.0, 1.95E-05,  5.00E-06,  3.029E+04,  1.309E-20,  3.1,  3.1
      1273.00, 0.0, 1.91E-05,  5.00E-06,  3.023E+04,  1.292E-20,  3.1,  3.1
      1274.00, 0.0, 1.88E-05,  5.00E-06,  3.017E+04,  1.275E-20,  3.1,  3.1
      1275.00, 0.0, 1.84E-05,  5.00E-06,  3.010E+04,  1.259E-20,  3.1,  3.1
      1276.00, 0.0, 1.81E-05,  5.00E-06,  3.004E+04,  1.244E-20,  3.1,  3.1
      1277.00, 0.0, 1.78E-05,  5.00E-06,  2.998E+04,  1.229E-20,  3.1,  3.1
      1278.00, 0.0, 1.75E-05,  5.00E-06,  2.991E+04,  1.214E-20,  3.1,  3.1
      1279.00, 0.0, 1.72E-05,  5.00E-06,  2.985E+04,  1.200E-20,  3.1,  3.1
      1280.00, 0.0, 1.69E-05,  5.00E-06,  2.979E+04,  1.187E-20,  3.1,  3.1
      1281.00, 0.0, 1.66E-05,  5.00E-06,  2.972E+04,  1.174E-20,  3.1,  3.1
      1282.00, 0.0, 1.63E-05,  5.00E-06,  2.968E+04,  1.161E-20,  3.1,  3.1
      1283.00, 0.0, 1.61E-05,  5.00E-06,  2.963E+04,  1.148E-20,  3.1,  3.1
      1284.00, 0.0, 1.58E-05,  5.00E-06,  2.959E+04,  1.136E-20,  3.1,  3.1
      1285.00, 0.0, 1.56E-05,  5.00E-06,  2.954E+04,  1.124E-20,  3.1,  3.1
      1286.00, 0.0, 1.54E-05,  5.00E-06,  2.949E+04,  1.113E-20,  3.1,  3.1
      1287.00, 0.0, 1.51E-05,  5.00E-06,  2.945E+04,  1.102E-20,  3.1,  3.1
      1288.00, 0.0, 1.49E-05,  5.00E-06,  2.940E+04,  1.091E-20,  3.1,  3.1
      1289.00, 0.0, 1.47E-05,  5.00E-06,  2.936E+04,  1.081E-20,  3.1,  3.1
      1290.00, 0.0, 1.45E-05,  5.00E-06,  2.931E+04,  1.071E-20,  3.1,  3.1
      1291.00, 0.0, 1.43E-05,  5.00E-06,  2.926E+04,  1.061E-20,  3.1,  3.1
      1292.00, 0.0, 1.41E-05,  5.00E-06,  2.922E+04,  1.051E-20,  3.1,  3.1
      1293.00, 0.0, 1.39E-05,  5.00E-06,  2.912E+04,  1.042E-20,  3.1,  3.1
      1294.00, 0.0, 1.36E-05,  5.00E-06,  2.896E+04,  1.034E-20,  3.1,  3.1
      1295.00, 0.0, 1.34E-05,  5.00E-06,  2.881E+04,  1.026E-20,  3.1,  3.1
      1296.00, 0.0, 1.32E-05,  5.00E-06,  2.866E+04,  1.018E-20,  3.1,  3.1
      1297.00, 0.0, 1.30E-05,  5.00E-06,  2.851E+04,  1.011E-20,  3.1,  3.1
      1298.00, 0.0, 1.27E-05,  5.00E-06,  2.836E+04,  1.004E-20,  3.1,  3.1
      1299.00, 0.0, 1.25E-05,  5.00E-06,  2.821E+04,  9.967E-21,  3.1,  3.1
      1300.00, 0.0, 1.24E-05,  5.00E-06,  2.821E+04,  9.885E-21,  3.1,  3.1
      1301.00, 0.0, 1.23E-05,  5.00E-06,  2.821E+04,  9.804E-21,  3.1,  3.1
      1302.00, 0.0, 1.21E-05,  5.00E-06,  2.821E+04,  9.725E-21,  3.1,  3.1
      1303.00, 0.0, 1.20E-05,  5.00E-06,  2.821E+04,  9.648E-21,  3.1,  3.1
      1304.00, 0.0, 1.19E-05,  5.00E-06,  2.821E+04,  9.572E-21,  3.1,  3.1
      1305.00, 0.0, 1.17E-05,  5.00E-06,  2.822E+04,  9.498E-21,  3.1,  3.1
      1306.00, 0.0, 1.16E-05,  5.00E-06,  2.823E+04,  9.425E-21,  3.1,  3.1
      1307.00, 0.0, 1.15E-05,  5.00E-06,  2.823E+04,  9.353E-21,  3.1,  3.1
      1308.00, 0.0, 1.14E-05,  5.00E-06,  2.824E+04,  9.284E-21,  3.1,  3.1
      1309.00, 0.0, 1.13E-05,  5.00E-06,  2.825E+04,  9.215E-21,  3.1,  3.1
      1310.00, 0.0, 1.12E-05,  5.00E-06,  2.826E+04,  9.148E-21,  3.1,  3.1
      1311.00, 0.0, 1.11E-05,  5.00E-06,  2.826E+04,  9.082E-21,  3.1,  3.1
      1312.00, 0.0, 1.10E-05,  5.00E-06,  2.827E+04,  9.018E-21,  3.1,  3.1
      1313.00, 0.0, 1.09E-05,  5.00E-06,  2.828E+04,  8.955E-21,  3.1,  3.1
      1314.00, 0.0, 1.08E-05,  5.00E-06,  2.825E+04,  8.896E-21,  3.1,  3.1
      1315.00, 0.0, 1.06E-05,  5.00E-06,  2.814E+04,  8.846E-21,  3.1,  3.1
      1316.00, 0.0, 1.05E-05,  5.00E-06,  2.804E+04,  8.798E-21,  3.1,  3.1
      1317.00, 0.0, 1.03E-05,  5.00E-06,  2.793E+04,  8.751E-21,  3.1,  3.1
      1318.00, 0.0, 1.02E-05,  5.00E-06,  2.782E+04,  8.704E-21,  3.1,  3.1
      1319.00, 0.0, 1.01E-05,  5.00E-06,  2.771E+04,  8.659E-21,  3.1,  3.1
      1320.00, 0.0, 9.95E-06,  5.00E-06,  2.761E+04,  8.615E-21,  3.1,  3.1
      1321.00, 0.0, 9.83E-06,  5.00E-06,  2.750E+04,  8.572E-21,  3.1,  3.1
      1322.00, 0.0, 9.70E-06,  5.00E-06,  2.739E+04,  8.530E-21,  3.1,  3.1
      1323.00, 0.0, 9.58E-06,  5.00E-06,  2.729E+04,  8.489E-21,  3.1,  3.1
      1324.00, 0.0, 9.46E-06,  5.00E-06,  2.718E+04,  8.449E-21,  3.1,  3.1
      1325.00, 0.0, 9.35E-06,  5.00E-06,  2.708E+04,  8.410E-21,  3.1,  3.1
      1326.00, 0.0, 9.23E-06,  5.00E-06,  2.697E+04,  8.372E-21,  3.1,  3.1
      1327.00, 0.0, 9.12E-06,  5.00E-06,  2.687E+04,  8.334E-21,  3.1,  3.1
      1328.00, 0.0, 9.01E-06,  5.00E-06,  2.676E+04,  8.298E-21,  3.1,  3.1
      1329.00, 0.0, 8.92E-06,  5.00E-06,  2.670E+04,  8.258E-21,  3.1,  3.1
      1330.00, 0.0, 8.83E-06,  5.00E-06,  2.666E+04,  8.217E-21,  3.1,  3.1
      1331.00, 0.0, 8.75E-06,  5.00E-06,  2.662E+04,  8.176E-21,  3.1,  3.1
      1332.00, 0.0, 8.67E-06,  5.00E-06,  2.658E+04,  8.135E-21,  3.1,  3.1
      1333.00, 0.0, 8.59E-06,  5.00E-06,  2.655E+04,  8.096E-21,  3.1,  3.1
      1334.00, 0.0, 8.51E-06,  5.00E-06,  2.651E+04,  8.057E-21,  3.1,  3.1
      1335.00, 0.0, 8.44E-06,  5.00E-06,  2.647E+04,  8.019E-21,  3.1,  3.1
      1336.00, 0.0, 8.36E-06,  5.00E-06,  2.643E+04,  7.981E-21,  3.1,  3.1
      1337.00, 0.0, 8.29E-06,  5.00E-06,  2.639E+04,  7.944E-21,  3.1,  3.1
      1338.00, 0.0, 8.21E-06,  5.00E-06,  2.636E+04,  7.908E-21,  3.1,  3.1
      1339.00, 0.0, 8.14E-06,  5.00E-06,  2.632E+04,  7.873E-21,  3.1,  3.1
      1340.00, 0.0, 8.07E-06,  5.00E-06,  2.628E+04,  7.838E-21,  3.1,  3.1
      1341.00, 0.0, 8.00E-06,  5.00E-06,  2.624E+04,  7.803E-21,  3.1,  3.1
      1342.00, 0.0, 7.93E-06,  5.00E-06,  2.620E+04,  7.769E-21,  3.1,  3.1
      1343.00, 0.0, 7.86E-06,  5.00E-06,  2.617E+04,  7.736E-21,  3.1,  3.1
      1344.00, 0.0, 7.79E-06,  5.00E-06,  2.611E+04,  7.706E-21,  3.1,  3.1
      1345.00, 0.0, 7.72E-06,  5.00E-06,  2.605E+04,  7.676E-21,  3.1,  3.1
      1346.00, 0.0, 7.64E-06,  5.00E-06,  2.598E+04,  7.647E-21,  3.1,  3.1
      1347.00, 0.0, 7.57E-06,  5.00E-06,  2.592E+04,  7.619E-21,  3.1,  3.1
      1348.00, 0.0, 7.50E-06,  5.00E-06,  2.586E+04,  7.591E-21,  3.1,  3.1
      1349.00, 0.0, 7.44E-06,  5.00E-06,  2.580E+04,  7.564E-21,  3.1,  3.1
      1350.00, 0.0, 7.37E-06,  5.00E-06,  2.574E+04,  7.537E-21,  3.1,  3.1
      1351.00, 0.0, 7.30E-06,  5.00E-06,  2.568E+04,  7.510E-21,  3.1,  3.1
      1352.00, 0.0, 7.24E-06,  5.00E-06,  2.561E+04,  7.485E-21,  3.1,  3.1
      1353.00, 0.0, 7.17E-06,  5.00E-06,  2.555E+04,  7.459E-21,  3.1,  3.1
      1354.00, 0.0, 7.11E-06,  5.00E-06,  2.549E+04,  7.434E-21,  3.1,  3.1
      1355.00, 0.0, 7.05E-06,  5.00E-06,  2.543E+04,  7.409E-21,  3.1,  3.1
      1356.00, 0.0, 6.98E-06,  5.00E-06,  2.537E+04,  7.385E-21,  3.1,  3.1
      1357.00, 0.0, 6.92E-06,  5.00E-06,  2.530E+04,  7.362E-21,  3.1,  3.1
      1358.00, 0.0, 6.86E-06,  5.00E-06,  2.524E+04,  7.339E-21,  3.1,  3.1
      1359.00, 0.0, 6.80E-06,  5.00E-06,  2.517E+04,  7.317E-21,  3.1,  3.1
      1360.00, 0.0, 6.74E-06,  5.00E-06,  2.511E+04,  7.295E-21,  3.1,  3.1
      1361.00, 0.0, 6.68E-06,  5.00E-06,  2.504E+04,  7.274E-21,  3.1,  3.1
      1362.00, 0.0, 6.62E-06,  5.00E-06,  2.497E+04,  7.253E-21,  3.1,  3.1
      1363.00, 0.0, 6.56E-06,  5.00E-06,  2.491E+04,  7.232E-21,  3.1,  3.1
      1364.00, 0.0, 6.51E-06,  5.00E-06,  2.484E+04,  7.212E-21,  3.1,  3.1
      1365.00, 0.0, 6.45E-06,  5.00E-06,  2.478E+04,  7.192E-21,  3.1,  3.1
      1366.00, 0.0, 6.40E-06,  5.00E-06,  2.471E+04,  7.172E-21,  3.1,  3.1
      1367.00, 0.0, 6.34E-06,  5.00E-06,  2.465E+04,  7.153E-21,  3.1,  3.1
      1368.00, 0.0, 6.29E-06,  5.00E-06,  2.458E+04,  7.134E-21,  3.1,  3.1
      1369.00, 0.0, 6.24E-06,  5.00E-06,  2.452E+04,  7.116E-21,  3.1,  3.1
      1370.00, 0.0, 6.18E-06,  5.00E-06,  2.445E+04,  7.097E-21,  3.1,  3.1
      1371.00, 0.0, 6.13E-06,  5.00E-06,  2.439E+04,  7.079E-21,  3.1,  3.1
      1372.00, 0.0, 6.08E-06,  5.00E-06,  2.432E+04,  7.062E-21,  3.1,  3.1
      1373.00, 0.0, 6.03E-06,  5.00E-06,  2.426E+04,  7.045E-21,  3.1,  3.1
      1374.00, 0.0, 5.98E-06,  5.00E-06,  2.419E+04,  7.028E-21,  3.1,  3.1
      1375.00, 0.0, 5.93E-06,  5.00E-06,  2.413E+04,  7.011E-21,  3.1,  3.1
      1376.00, 0.0, 5.88E-06,  5.00E-06,  2.406E+04,  6.995E-21,  3.1,  3.1
      1377.00, 0.0, 5.84E-06,  5.00E-06,  2.400E+04,  6.979E-21,  3.1,  3.1
      1378.00, 0.0, 5.79E-06,  5.00E-06,  2.394E+04,  6.963E-21,  3.1,  3.1
      1379.00, 0.0, 5.74E-06,  5.00E-06,  2.388E+04,  6.947E-21,  3.1,  3.1
      1380.00, 0.0, 5.70E-06,  5.00E-06,  2.381E+04,  6.932E-21,  3.1,  3.1
      1381.00, 0.0, 5.65E-06,  5.00E-06,  2.375E+04,  6.916E-21,  3.1,  3.1
      1382.00, 0.0, 5.61E-06,  5.00E-06,  2.369E+04,  6.901E-21,  3.1,  3.1
      1383.00, 0.0, 5.56E-06,  5.00E-06,  2.363E+04,  6.887E-21,  3.1,  3.1
      1384.00, 0.0, 5.52E-06,  5.00E-06,  2.357E+04,  6.872E-21,  3.1,  3.1
      1385.00, 0.0, 5.48E-06,  5.00E-06,  2.351E+04,  6.858E-21,  3.1,  3.1
      1386.00, 0.0, 5.43E-06,  5.00E-06,  2.344E+04,  6.845E-21,  3.1,  3.1
      1387.00, 0.0, 5.39E-06,  5.00E-06,  2.338E+04,  6.831E-21,  3.1,  3.1
      1388.00, 0.0, 5.35E-06,  5.00E-06,  2.332E+04,  6.818E-21,  3.1,  3.1
      1389.00, 0.0, 5.31E-06,  5.00E-06,  2.326E+04,  6.804E-21,  3.1,  3.1
      1390.00, 0.0, 5.27E-06,  5.00E-06,  2.320E+04,  6.792E-21,  3.1,  3.1
      1391.00, 0.0, 5.23E-06,  5.00E-06,  2.314E+04,  6.779E-21,  3.1,  3.1
      1392.00, 0.0, 5.19E-06,  5.00E-06,  2.308E+04,  6.767E-21,  3.1,  3.1
      1393.00, 0.0, 5.15E-06,  5.00E-06,  2.302E+04,  6.754E-21,  3.1,  3.1
      1394.00, 0.0, 5.11E-06,  5.00E-06,  2.296E+04,  6.742E-21,  3.1,  3.1
      1395.00, 0.0, 5.07E-06,  5.00E-06,  2.290E+04,  6.731E-21,  3.1,  3.1
      1396.00, 0.0, 5.04E-06,  5.00E-06,  2.284E+04,  6.719E-21,  3.1,  3.1
      1397.00, 0.0, 5.00E-06,  5.00E-06,  2.278E+04,  6.708E-21,  3.1,  3.1
      1398.00, 0.0, 4.96E-06,  5.00E-06,  2.272E+04,  6.697E-21,  3.1,  3.1
      1399.00, 0.0, 4.93E-06,  5.00E-06,  2.266E+04,  6.686E-21,  3.1,  3.1
      1400.00, 0.0, 4.89E-06,  5.00E-06,  2.260E+04,  6.675E-21,  3.1,  3.1
      1401.00, 0.0, 4.85E-06,  5.00E-06,  2.254E+04,  6.665E-21,  3.1,  3.1
      1402.00, 0.0, 4.82E-06,  5.00E-06,  2.248E+04,  6.654E-21,  3.1,  3.1
      1403.00, 0.0, 4.78E-06,  5.00E-06,  2.242E+04,  6.644E-21,  3.1,  3.1
      1404.00, 0.0, 4.75E-06,  5.00E-06,  2.236E+04,  6.634E-21,  3.1,  3.1
      1405.00, 0.0, 4.71E-06,  5.00E-06,  2.230E+04,  6.625E-21,  3.1,  3.1
      1406.00, 0.0, 4.68E-06,  5.00E-06,  2.224E+04,  6.615E-21,  3.1,  3.1
      1407.00, 0.0, 4.65E-06,  5.00E-06,  2.218E+04,  6.606E-21,  3.1,  3.1
      1408.00, 0.0, 4.61E-06,  5.00E-06,  2.212E+04,  6.597E-21,  3.1,  3.1
      1409.00, 0.0, 4.58E-06,  5.00E-06,  2.206E+04,  6.588E-21,  3.1,  3.1
      1410.00, 0.0, 4.55E-06,  5.00E-06,  2.200E+04,  6.579E-21,  3.1,  3.1
      1411.00, 0.0, 4.52E-06,  5.00E-06,  2.195E+04,  6.570E-21,  3.1,  3.1
      1412.00, 0.0, 4.49E-06,  5.00E-06,  2.190E+04,  6.559E-21,  3.1,  3.1
      1413.00, 0.0, 4.47E-06,  5.00E-06,  2.192E+04,  6.539E-21,  3.1,  3.1
      1414.00, 0.0, 4.46E-06,  5.00E-06,  2.194E+04,  6.520E-21,  3.1,  3.1
      1415.00, 0.0, 4.44E-06,  5.00E-06,  2.196E+04,  6.500E-21,  3.1,  3.1
      1416.00, 0.0, 4.43E-06,  5.00E-06,  2.198E+04,  6.481E-21,  3.1,  3.1
      1417.00, 0.0, 4.41E-06,  5.00E-06,  2.200E+04,  6.462E-21,  3.1,  3.1
      1418.00, 0.0, 4.40E-06,  5.00E-06,  2.202E+04,  6.443E-21,  3.1,  3.1
      1419.00, 0.0, 4.38E-06,  5.00E-06,  2.204E+04,  6.424E-21,  3.1,  3.1
      1420.00, 0.0, 4.37E-06,  5.00E-06,  2.206E+04,  6.405E-21,  3.1,  3.1
      1421.00, 0.0, 4.35E-06,  5.00E-06,  2.208E+04,  6.387E-21,  3.1,  3.1
      1422.00, 0.0, 4.33E-06,  5.00E-06,  2.205E+04,  6.375E-21,  3.1,  3.1
      1423.00, 0.0, 4.29E-06,  5.00E-06,  2.196E+04,  6.373E-21,  3.1,  3.1
      1424.00, 0.0, 4.26E-06,  5.00E-06,  2.187E+04,  6.371E-21,  3.1,  3.1
      1425.00, 0.0, 4.22E-06,  5.00E-06,  2.178E+04,  6.369E-21,  3.1,  3.1
      1426.00, 0.0, 4.19E-06,  5.00E-06,  2.169E+04,  6.367E-21,  3.1,  3.1
      1427.00, 0.0, 4.16E-06,  5.00E-06,  2.160E+04,  6.365E-21,  3.1,  3.1
      1428.00, 0.0, 4.12E-06,  5.00E-06,  2.151E+04,  6.364E-21,  3.1,  3.1
      1429.00, 0.0, 4.09E-06,  5.00E-06,  2.142E+04,  6.363E-21,  3.1,  3.1
      1430.00, 0.0, 4.06E-06,  5.00E-06,  2.133E+04,  6.362E-21,  3.1,  3.1
      1431.00, 0.0, 4.02E-06,  5.00E-06,  2.125E+04,  6.361E-21,  3.1,  3.1
      1432.00, 0.0, 3.99E-06,  5.00E-06,  2.116E+04,  6.360E-21,  3.1,  3.1
      1433.00, 0.0, 3.96E-06,  5.00E-06,  2.107E+04,  6.359E-21,  3.1,  3.1
      1434.00, 0.0, 3.93E-06,  5.00E-06,  2.098E+04,  6.359E-21,  3.1,  3.1
      1435.00, 0.0, 3.89E-06,  5.00E-06,  2.089E+04,  6.358E-21,  3.1,  3.1
      1436.00, 0.0, 3.86E-06,  5.00E-06,  2.081E+04,  6.358E-21,  3.1,  3.1
      1437.00, 0.0, 3.84E-06,  5.00E-06,  2.076E+04,  6.352E-21,  3.1,  3.1
      1438.00, 0.0, 3.82E-06,  5.00E-06,  2.072E+04,  6.344E-21,  3.1,  3.1
      1439.00, 0.0, 3.80E-06,  5.00E-06,  2.069E+04,  6.336E-21,  3.1,  3.1
      1440.00, 0.0, 3.78E-06,  5.00E-06,  2.065E+04,  6.328E-21,  3.1,  3.1
      1441.00, 0.0, 3.76E-06,  5.00E-06,  2.062E+04,  6.320E-21,  3.1,  3.1
      1442.00, 0.0, 3.74E-06,  5.00E-06,  2.058E+04,  6.312E-21,  3.1,  3.1
      1443.00, 0.0, 3.72E-06,  5.00E-06,  2.055E+04,  6.304E-21,  3.1,  3.1
      1444.00, 0.0, 3.70E-06,  5.00E-06,  2.051E+04,  6.297E-21,  3.1,  3.1
      1445.00, 0.0, 3.68E-06,  5.00E-06,  2.048E+04,  6.289E-21,  3.1,  3.1
      1446.00, 0.0, 3.66E-06,  5.00E-06,  2.045E+04,  6.282E-21,  3.1,  3.1
      1447.00, 0.0, 3.64E-06,  5.00E-06,  2.041E+04,  6.275E-21,  3.1,  3.1
      1448.00, 0.0, 3.62E-06,  5.00E-06,  2.038E+04,  6.268E-21,  3.1,  3.1
      1449.00, 0.0, 3.60E-06,  5.00E-06,  2.034E+04,  6.261E-21,  3.1,  3.1
      1450.00, 0.0, 3.58E-06,  5.00E-06,  2.031E+04,  6.254E-21,  3.1,  3.1
      1451.00, 0.0, 3.56E-06,  5.00E-06,  2.027E+04,  6.247E-21,  3.1,  3.1
      1452.00, 0.0, 3.54E-06,  5.00E-06,  2.024E+04,  6.240E-21,  3.1,  3.1
      1453.00, 0.0, 3.52E-06,  5.00E-06,  2.020E+04,  6.233E-21,  3.1,  3.1
      1454.00, 0.0, 3.51E-06,  5.00E-06,  2.017E+04,  6.227E-21,  3.1,  3.1
      1455.00, 0.0, 3.49E-06,  5.00E-06,  2.013E+04,  6.221E-21,  3.1,  3.1
      1456.00, 0.0, 3.47E-06,  5.00E-06,  2.010E+04,  6.215E-21,  3.1,  3.1
      1457.00, 0.0, 3.45E-06,  5.00E-06,  2.004E+04,  6.212E-21,  3.1,  3.1
      1458.00, 0.0, 3.42E-06,  5.00E-06,  1.998E+04,  6.210E-21,  3.1,  3.1
      1459.00, 0.0, 3.40E-06,  5.00E-06,  1.992E+04,  6.208E-21,  3.1,  3.1
      1460.00, 0.0, 3.38E-06,  5.00E-06,  1.987E+04,  6.206E-21,  3.1,  3.1
      1461.00, 0.0, 3.36E-06,  5.00E-06,  1.981E+04,  6.204E-21,  3.1,  3.1
      1462.00, 0.0, 3.34E-06,  5.00E-06,  1.975E+04,  6.203E-21,  3.1,  3.1
      1463.00, 0.0, 3.32E-06,  5.00E-06,  1.969E+04,  6.201E-21,  3.1,  3.1
      1464.00, 0.0, 3.30E-06,  5.00E-06,  1.964E+04,  6.199E-21,  3.1,  3.1
      1465.00, 0.0, 3.28E-06,  5.00E-06,  1.958E+04,  6.198E-21,  3.1,  3.1
      1466.00, 0.0, 3.26E-06,  5.00E-06,  1.952E+04,  6.197E-21,  3.1,  3.1
      1467.00, 0.0, 3.24E-06,  5.00E-06,  1.946E+04,  6.195E-21,  3.1,  3.1
      1468.00, 0.0, 3.22E-06,  5.00E-06,  1.941E+04,  6.194E-21,  3.1,  3.1
      1469.00, 0.0, 3.20E-06,  5.00E-06,  1.935E+04,  6.193E-21,  3.1,  3.1
      1470.00, 0.0, 3.18E-06,  5.00E-06,  1.929E+04,  6.192E-21,  3.1,  3.1
      1471.00, 0.0, 3.16E-06,  5.00E-06,  1.924E+04,  6.192E-21,  3.1,  3.1
      1472.00, 0.0, 3.14E-06,  5.00E-06,  1.918E+04,  6.191E-21,  3.1,  3.1
      1473.00, 0.0, 3.12E-06,  5.00E-06,  1.913E+04,  6.190E-21,  3.1,  3.1
      1474.00, 0.0, 3.10E-06,  5.00E-06,  1.907E+04,  6.190E-21,  3.1,  3.1
      1475.00, 0.0, 3.08E-06,  5.00E-06,  1.901E+04,  6.189E-21,  3.1,  3.1
      1476.00, 0.0, 3.06E-06,  5.00E-06,  1.896E+04,  6.189E-21,  3.1,  3.1
      1477.00, 0.0, 3.04E-06,  5.00E-06,  1.890E+04,  6.189E-21,  3.1,  3.1
      1478.00, 0.0, 3.03E-06,  5.00E-06,  1.891E+04,  6.177E-21,  3.1,  3.1
      1479.00, 0.0, 3.03E-06,  5.00E-06,  1.892E+04,  6.164E-21,  3.1,  3.1
      1480.00, 0.0, 3.02E-06,  5.00E-06,  1.893E+04,  6.151E-21,  3.1,  3.1
      1481.00, 0.0, 3.01E-06,  5.00E-06,  1.895E+04,  6.138E-21,  3.1,  3.1
      1482.00, 0.0, 3.01E-06,  5.00E-06,  1.896E+04,  6.125E-21,  3.1,  3.1
      1483.00, 0.0, 3.00E-06,  5.00E-06,  1.898E+04,  6.112E-21,  3.1,  3.1
      1484.00, 0.0, 2.99E-06,  5.00E-06,  1.899E+04,  6.099E-21,  3.1,  3.1
      1485.00, 0.0, 2.98E-06,  5.00E-06,  1.900E+04,  6.086E-21,  3.1,  3.1
      1486.00, 0.0, 2.98E-06,  5.00E-06,  1.902E+04,  6.074E-21,  3.1,  3.1
      1487.00, 0.0, 2.97E-06,  5.00E-06,  1.903E+04,  6.061E-21,  3.1,  3.1
      1488.00, 0.0, 2.96E-06,  5.00E-06,  1.904E+04,  6.049E-21,  3.1,  3.1
      1489.00, 0.0, 2.96E-06,  5.00E-06,  1.906E+04,  6.036E-21,  3.1,  3.1
      1490.00, 0.0, 2.95E-06,  5.00E-06,  1.907E+04,  6.024E-21,  3.1,  3.1
      1491.00, 0.0, 2.94E-06,  5.00E-06,  1.908E+04,  6.012E-21,  3.1,  3.1
      1492.00, 0.0, 2.93E-06,  5.00E-06,  1.908E+04,  6.002E-21,  3.1,  3.1
      1493.00, 0.0, 2.91E-06,  5.00E-06,  1.901E+04,  6.006E-21,  3.1,  3.1
      1494.00, 0.0, 2.90E-06,  5.00E-06,  1.893E+04,  6.010E-21,  3.1,  3.1
      1495.00, 0.0, 2.87E-06,  5.00E-06,  1.885E+04,  6.015E-21,  3.1,  3.1
      1496.00, 0.0, 2.85E-06,  5.00E-06,  1.877E+04,  6.021E-21,  3.1,  3.1
      1497.00, 0.0, 2.83E-06,  5.00E-06,  1.870E+04,  6.026E-21,  3.1,  3.1
      1498.00, 0.0, 2.81E-06,  5.00E-06,  1.862E+04,  6.031E-21,  3.1,  3.1
      1499.00, 0.0, 2.79E-06,  5.00E-06,  1.854E+04,  6.037E-21,  3.1,  3.1
      1500.00, 0.0, 2.77E-06,  5.00E-06,  1.846E+04,  6.043E-21,  3.1,  3.1
      1501.00, 0.0, 2.75E-06,  5.00E-06,  1.838E+04,  6.049E-21,  3.1,  3.1
      1502.00, 0.0, 2.74E-06,  5.00E-06,  1.830E+04,  6.054E-21,  3.1,  3.1
      1503.00, 0.0, 2.72E-06,  5.00E-06,  1.823E+04,  6.061E-21,  3.1,  3.1
      1504.00, 0.0, 2.70E-06,  5.00E-06,  1.815E+04,  6.067E-21,  3.1,  3.1
      1505.00, 0.0, 2.68E-06,  5.00E-06,  1.807E+04,  6.073E-21,  3.1,  3.1
      1506.00, 0.0, 2.66E-06,  5.00E-06,  1.800E+04,  6.079E-21,  3.1,  3.1
      1507.00, 0.0, 2.64E-06,  5.00E-06,  1.792E+04,  6.086E-21,  3.1,  3.1
      1508.00, 0.0, 2.62E-06,  5.00E-06,  1.784E+04,  6.093E-21,  3.1,  3.1
      1509.00, 0.0, 2.60E-06,  5.00E-06,  1.777E+04,  6.099E-21,  3.1,  3.1
      1510.00, 0.0, 2.59E-06,  5.00E-06,  1.770E+04,  6.105E-21,  3.1,  3.1
      1511.00, 0.0, 2.57E-06,  5.00E-06,  1.766E+04,  6.104E-21,  3.1,  3.1
      1512.00, 0.0, 2.56E-06,  5.00E-06,  1.762E+04,  6.103E-21,  3.1,  3.1
      1513.00, 0.0, 2.55E-06,  5.00E-06,  1.758E+04,  6.103E-21,  3.1,  3.1
      1514.00, 0.0, 2.54E-06,  5.00E-06,  1.754E+04,  6.102E-21,  3.1,  3.1
      1515.00, 0.0, 2.52E-06,  5.00E-06,  1.750E+04,  6.102E-21,  3.1,  3.1
      1516.00, 0.0, 2.51E-06,  5.00E-06,  1.746E+04,  6.101E-21,  3.1,  3.1
      1517.00, 0.0, 2.50E-06,  5.00E-06,  1.742E+04,  6.101E-21,  3.1,  3.1
      1518.00, 0.0, 2.49E-06,  5.00E-06,  1.739E+04,  6.101E-21,  3.1,  3.1
      1519.00, 0.0, 2.47E-06,  5.00E-06,  1.735E+04,  6.101E-21,  3.1,  3.1
      1520.00, 0.0, 2.46E-06,  5.00E-06,  1.731E+04,  6.100E-21,  3.1,  3.1
      1521.00, 0.0, 2.45E-06,  5.00E-06,  1.727E+04,  6.100E-21,  3.1,  3.1
      1522.00, 0.0, 2.44E-06,  5.00E-06,  1.723E+04,  6.100E-21,  3.1,  3.1
      1523.00, 0.0, 2.43E-06,  5.00E-06,  1.719E+04,  6.101E-21,  3.1,  3.1
      1524.00, 0.0, 2.42E-06,  5.00E-06,  1.715E+04,  6.101E-21,  3.1,  3.1
      1525.00, 0.0, 2.40E-06,  5.00E-06,  1.711E+04,  6.101E-21,  3.1,  3.1
      1526.00, 0.0, 2.39E-06,  5.00E-06,  1.707E+04,  6.101E-21,  3.1,  3.1
      1527.00, 0.0, 2.38E-06,  5.00E-06,  1.703E+04,  6.102E-21,  3.1,  3.1
      1528.00, 0.0, 2.37E-06,  5.00E-06,  1.700E+04,  6.102E-21,  3.1,  3.1
      1529.00, 0.0, 2.36E-06,  5.00E-06,  1.696E+04,  6.103E-21,  3.1,  3.1
      1530.00, 0.0, 2.35E-06,  5.00E-06,  1.692E+04,  6.103E-21,  3.1,  3.1
      1531.00, 0.0, 2.33E-06,  5.00E-06,  1.688E+04,  6.104E-21,  3.1,  3.1
      1532.00, 0.0, 2.33E-06,  5.00E-06,  1.685E+04,  6.101E-21,  3.1,  3.1
      1533.00, 0.0, 2.32E-06,  5.00E-06,  1.683E+04,  6.099E-21,  3.1,  3.1
      1534.00, 0.0, 2.31E-06,  5.00E-06,  1.681E+04,  6.096E-21,  3.1,  3.1
      1535.00, 0.0, 2.30E-06,  5.00E-06,  1.678E+04,  6.093E-21,  3.1,  3.1
      1536.00, 0.0, 2.29E-06,  5.00E-06,  1.676E+04,  6.091E-21,  3.1,  3.1
      1537.00, 0.0, 2.28E-06,  5.00E-06,  1.673E+04,  6.088E-21,  3.1,  3.1
      1538.00, 0.0, 2.27E-06,  5.00E-06,  1.671E+04,  6.086E-21,  3.1,  3.1
      1539.00, 0.0, 2.26E-06,  5.00E-06,  1.669E+04,  6.084E-21,  3.1,  3.1
      1540.00, 0.0, 2.25E-06,  5.00E-06,  1.666E+04,  6.081E-21,  3.1,  3.1
      1541.00, 0.0, 2.25E-06,  5.00E-06,  1.664E+04,  6.079E-21,  3.1,  3.1
      1542.00, 0.0, 2.24E-06,  5.00E-06,  1.661E+04,  6.077E-21,  3.1,  3.1
      1543.00, 0.0, 2.23E-06,  5.00E-06,  1.659E+04,  6.075E-21,  3.1,  3.1
      1544.00, 0.0, 2.22E-06,  5.00E-06,  1.656E+04,  6.073E-21,  3.1,  3.1
      1545.00, 0.0, 2.21E-06,  5.00E-06,  1.654E+04,  6.071E-21,  3.1,  3.1
      1546.00, 0.0, 2.20E-06,  5.00E-06,  1.652E+04,  6.069E-21,  3.1,  3.1
      1547.00, 0.0, 2.19E-06,  5.00E-06,  1.649E+04,  6.067E-21,  3.1,  3.1
      1548.00, 0.0, 2.19E-06,  5.00E-06,  1.647E+04,  6.065E-21,  3.1,  3.1
      1549.00, 0.0, 2.18E-06,  5.00E-06,  1.644E+04,  6.063E-21,  3.1,  3.1
      1550.00, 0.0, 2.17E-06,  5.00E-06,  1.642E+04,  6.062E-21,  3.1,  3.1
      1551.00, 0.0, 2.16E-06,  5.00E-06,  1.639E+04,  6.060E-21,  3.1,  3.1
      1552.00, 0.0, 2.15E-06,  5.00E-06,  1.637E+04,  6.058E-21,  3.1,  3.1
      1553.00, 0.0, 2.14E-06,  5.00E-06,  1.634E+04,  6.057E-21,  3.1,  3.1
      1554.00, 0.0, 2.14E-06,  5.00E-06,  1.632E+04,  6.055E-21,  3.1,  3.1
      1555.00, 0.0, 2.13E-06,  5.00E-06,  1.629E+04,  6.054E-21,  3.1,  3.1
      1556.00, 0.0, 2.12E-06,  5.00E-06,  1.627E+04,  6.053E-21,  3.1,  3.1
      1557.00, 0.0, 2.11E-06,  5.00E-06,  1.624E+04,  6.051E-21,  3.1,  3.1
      1558.00, 0.0, 2.10E-06,  5.00E-06,  1.622E+04,  6.050E-21,  3.1,  3.1
      1559.00, 0.0, 2.09E-06,  5.00E-06,  1.619E+04,  6.049E-21,  3.1,  3.1
      1560.00, 0.0, 2.09E-06,  5.00E-06,  1.617E+04,  6.048E-21,  3.1,  3.1
      1561.00, 0.0, 2.08E-06,  5.00E-06,  1.614E+04,  6.047E-21,  3.1,  3.1
      1562.00, 0.0, 2.07E-06,  5.00E-06,  1.611E+04,  6.046E-21,  3.1,  3.1
      1563.00, 0.0, 2.06E-06,  5.00E-06,  1.609E+04,  6.045E-21,  3.1,  3.1
      1564.00, 0.0, 2.05E-06,  5.00E-06,  1.606E+04,  6.044E-21,  3.1,  3.1
      1565.00, 0.0, 2.05E-06,  5.00E-06,  1.604E+04,  6.043E-21,  3.1,  3.1
      1566.00, 0.0, 2.04E-06,  5.00E-06,  1.601E+04,  6.042E-21,  3.1,  3.1
      1567.00, 0.0, 2.03E-06,  5.00E-06,  1.599E+04,  6.041E-21,  3.1,  3.1
      1568.00, 0.0, 2.02E-06,  5.00E-06,  1.596E+04,  6.041E-21,  3.1,  3.1
      1569.00, 0.0, 2.02E-06,  5.00E-06,  1.593E+04,  6.040E-21,  3.1,  3.1
      1570.00, 0.0, 2.01E-06,  5.00E-06,  1.591E+04,  6.039E-21,  3.1,  3.1
      1571.00, 0.0, 2.00E-06,  5.00E-06,  1.588E+04,  6.039E-21,  3.1,  3.1
      1572.00, 0.0, 1.99E-06,  5.00E-06,  1.586E+04,  6.038E-21,  3.1,  3.1
      1573.00, 0.0, 1.99E-06,  5.00E-06,  1.584E+04,  6.036E-21,  3.1,  3.1
      1574.00, 0.0, 1.98E-06,  5.00E-06,  1.582E+04,  6.034E-21,  3.1,  3.1
      1575.00, 0.0, 1.97E-06,  5.00E-06,  1.580E+04,  6.032E-21,  3.1,  3.1
      1576.00, 0.0, 1.97E-06,  5.00E-06,  1.578E+04,  6.030E-21,  3.1,  3.1
      1577.00, 0.0, 1.96E-06,  5.00E-06,  1.576E+04,  6.028E-21,  3.1,  3.1
      1578.00, 0.0, 1.95E-06,  5.00E-06,  1.574E+04,  6.027E-21,  3.1,  3.1
      1579.00, 0.0, 1.95E-06,  5.00E-06,  1.572E+04,  6.025E-21,  3.1,  3.1
      1580.00, 0.0, 1.94E-06,  5.00E-06,  1.570E+04,  6.023E-21,  3.1,  3.1
      1581.00, 0.0, 1.93E-06,  5.00E-06,  1.568E+04,  6.022E-21,  3.1,  3.1
      1582.00, 0.0, 1.93E-06,  5.00E-06,  1.566E+04,  6.020E-21,  3.1,  3.1
      1583.00, 0.0, 1.92E-06,  5.00E-06,  1.564E+04,  6.018E-21,  3.1,  3.1
      1584.00, 0.0, 1.91E-06,  5.00E-06,  1.562E+04,  6.017E-21,  3.1,  3.1
      1585.00, 0.0, 1.91E-06,  5.00E-06,  1.560E+04,  6.016E-21,  3.1,  3.1
      1586.00, 0.0, 1.90E-06,  5.00E-06,  1.558E+04,  6.014E-21,  3.1,  3.1
      1587.00, 0.0, 1.89E-06,  5.00E-06,  1.556E+04,  6.013E-21,  3.1,  3.1
      1588.00, 0.0, 1.89E-06,  5.00E-06,  1.553E+04,  6.012E-21,  3.1,  3.1
      1589.00, 0.0, 1.88E-06,  5.00E-06,  1.551E+04,  6.010E-21,  3.1,  3.1
      1590.00, 0.0, 1.87E-06,  5.00E-06,  1.549E+04,  6.009E-21,  3.1,  3.1
      1591.00, 0.0, 1.87E-06,  5.00E-06,  1.547E+04,  6.008E-21,  3.1,  3.1
      1592.00, 0.0, 1.86E-06,  5.00E-06,  1.545E+04,  6.007E-21,  3.1,  3.1
      1593.00, 0.0, 1.86E-06,  5.00E-06,  1.543E+04,  6.006E-21,  3.1,  3.1
      1594.00, 0.0, 1.85E-06,  5.00E-06,  1.541E+04,  6.005E-21,  3.1,  3.1
      1595.00, 0.0, 1.84E-06,  5.00E-06,  1.539E+04,  6.004E-21,  3.1,  3.1
      1596.00, 0.0, 1.84E-06,  5.00E-06,  1.537E+04,  6.003E-21,  3.1,  3.1
      1597.00, 0.0, 1.83E-06,  5.00E-06,  1.534E+04,  6.003E-21,  3.1,  3.1
      1598.00, 0.0, 1.82E-06,  5.00E-06,  1.532E+04,  6.002E-21,  3.1,  3.1
      1599.00, 0.0, 1.82E-06,  5.00E-06,  1.530E+04,  6.001E-21,  3.1,  3.1
      1600.00, 0.0, 1.81E-06,  5.00E-06,  1.528E+04,  6.000E-21,  3.1,  3.1
      1601.00, 0.0, 1.81E-06,  5.00E-06,  1.527E+04,  5.996E-21,  3.1,  3.1
      1602.00, 0.0, 1.80E-06,  5.00E-06,  1.526E+04,  5.992E-21,  3.1,  3.1
      1603.00, 0.0, 1.80E-06,  5.00E-06,  1.525E+04,  5.988E-21,  3.1,  3.1
      1604.00, 0.0, 1.79E-06,  5.00E-06,  1.524E+04,  5.985E-21,  3.1,  3.1
      1605.00, 0.0, 1.79E-06,  5.00E-06,  1.524E+04,  5.981E-21,  3.1,  3.1
      1606.00, 0.0, 1.78E-06,  5.00E-06,  1.523E+04,  5.977E-21,  3.1,  3.1
      1607.00, 0.0, 1.78E-06,  5.00E-06,  1.521E+04,  5.974E-21,  3.1,  3.1
      1608.00, 0.0, 1.78E-06,  5.00E-06,  1.520E+04,  5.970E-21,  3.1,  3.1
      1609.00, 0.0, 1.77E-06,  5.00E-06,  1.519E+04,  5.967E-21,  3.1,  3.1
      1610.00, 0.0, 1.77E-06,  5.00E-06,  1.518E+04,  5.964E-21,  3.1,  3.1
      1611.00, 0.0, 1.76E-06,  5.00E-06,  1.517E+04,  5.960E-21,  3.1,  3.1
      1612.00, 0.0, 1.76E-06,  5.00E-06,  1.516E+04,  5.957E-21,  3.1,  3.1
      1613.00, 0.0, 1.75E-06,  5.00E-06,  1.515E+04,  5.954E-21,  3.1,  3.1
      1614.00, 0.0, 1.75E-06,  5.00E-06,  1.514E+04,  5.951E-21,  3.1,  3.1
      1615.00, 0.0, 1.74E-06,  5.00E-06,  1.513E+04,  5.948E-21,  3.1,  3.1
      1616.00, 0.0, 1.74E-06,  5.00E-06,  1.512E+04,  5.945E-21,  3.1,  3.1
      1617.00, 0.0, 1.73E-06,  5.00E-06,  1.511E+04,  5.942E-21,  3.1,  3.1
      1618.00, 0.0, 1.73E-06,  5.00E-06,  1.509E+04,  5.939E-21,  3.1,  3.1
      1619.00, 0.0, 1.72E-06,  5.00E-06,  1.508E+04,  5.936E-21,  3.1,  3.1
      1620.00, 0.0, 1.72E-06,  5.00E-06,  1.507E+04,  5.933E-21,  3.1,  3.1
      1621.00, 0.0, 1.72E-06,  5.00E-06,  1.507E+04,  5.929E-21,  3.1,  3.1
      1622.00, 0.0, 1.71E-06,  5.00E-06,  1.506E+04,  5.924E-21,  3.1,  3.1
      1623.00, 0.0, 1.71E-06,  5.00E-06,  1.505E+04,  5.920E-21,  3.1,  3.1
      1624.00, 0.0, 1.70E-06,  5.00E-06,  1.505E+04,  5.916E-21,  3.1,  3.1
      1625.00, 0.0, 1.70E-06,  5.00E-06,  1.504E+04,  5.912E-21,  3.1,  3.1
      1626.00, 0.0, 1.70E-06,  5.00E-06,  1.503E+04,  5.908E-21,  3.1,  3.1
      1627.00, 0.0, 1.69E-06,  5.00E-06,  1.503E+04,  5.904E-21,  3.1,  3.1
      1628.00, 0.0, 1.69E-06,  5.00E-06,  1.502E+04,  5.900E-21,  3.1,  3.1
      1629.00, 0.0, 1.69E-06,  5.00E-06,  1.501E+04,  5.896E-21,  3.1,  3.1
      1630.00, 0.0, 1.68E-06,  5.00E-06,  1.501E+04,  5.892E-21,  3.1,  3.1
      1631.00, 0.0, 1.68E-06,  5.00E-06,  1.500E+04,  5.888E-21,  3.1,  3.1
      1632.00, 0.0, 1.67E-06,  5.00E-06,  1.499E+04,  5.884E-21,  3.1,  3.1
      1633.00, 0.0, 1.67E-06,  5.00E-06,  1.498E+04,  5.881E-21,  3.1,  3.1
      1634.00, 0.0, 1.67E-06,  5.00E-06,  1.498E+04,  5.877E-21,  3.1,  3.1
      1635.00, 0.0, 1.66E-06,  5.00E-06,  1.497E+04,  5.873E-21,  3.1,  3.1
      1636.00, 0.0, 1.66E-06,  5.00E-06,  1.496E+04,  5.870E-21,  3.1,  3.1
      1637.00, 0.0, 1.66E-06,  5.00E-06,  1.495E+04,  5.866E-21,  3.1,  3.1
      1638.00, 0.0, 1.65E-06,  5.00E-06,  1.495E+04,  5.863E-21,  3.1,  3.1
      1639.00, 0.0, 1.65E-06,  5.00E-06,  1.494E+04,  5.859E-21,  3.1,  3.1
      1640.00, 0.0, 1.64E-06,  5.00E-06,  1.493E+04,  5.856E-21,  3.1,  3.1
      1641.00, 0.0, 1.64E-06,  5.00E-06,  1.492E+04,  5.852E-21,  3.1,  3.1
      1642.00, 0.0, 1.64E-06,  5.00E-06,  1.491E+04,  5.849E-21,  3.1,  3.1
      1643.00, 0.0, 1.63E-06,  5.00E-06,  1.490E+04,  5.846E-21,  3.1,  3.1
      1644.00, 0.0, 1.63E-06,  5.00E-06,  1.490E+04,  5.843E-21,  3.1,  3.1
      1645.00, 0.0, 1.62E-06,  5.00E-06,  1.489E+04,  5.839E-21,  3.1,  3.1
      1646.00, 0.0, 1.62E-06,  5.00E-06,  1.488E+04,  5.836E-21,  3.1,  3.1
      1647.00, 0.0, 1.62E-06,  5.00E-06,  1.487E+04,  5.833E-21,  3.1,  3.1
      1648.00, 0.0, 1.61E-06,  5.00E-06,  1.486E+04,  5.830E-21,  3.1,  3.1
      1649.00, 0.0, 1.61E-06,  5.00E-06,  1.485E+04,  5.827E-21,  3.1,  3.1
      1650.00, 0.0, 1.61E-06,  5.00E-06,  1.484E+04,  5.824E-21,  3.1,  3.1
      1651.00, 0.0, 1.60E-06,  5.00E-06,  1.483E+04,  5.821E-21,  3.1,  3.1
      1652.00, 0.0, 1.60E-06,  5.00E-06,  1.482E+04,  5.819E-21,  3.1,  3.1
      1653.00, 0.0, 1.60E-06,  5.00E-06,  1.481E+04,  5.816E-21,  3.1,  3.1
      1654.00, 0.0, 1.59E-06,  5.00E-06,  1.480E+04,  5.813E-21,  3.1,  3.1
      1655.00, 0.0, 1.59E-06,  5.00E-06,  1.479E+04,  5.810E-21,  3.1,  3.1
      1656.00, 0.0, 1.58E-06,  5.00E-06,  1.478E+04,  5.808E-21,  3.1,  3.1
      1657.00, 0.0, 1.58E-06,  5.00E-06,  1.477E+04,  5.806E-21,  3.1,  3.1
      1658.00, 0.0, 1.57E-06,  5.00E-06,  1.473E+04,  5.812E-21,  3.1,  3.1
      1659.00, 0.0, 1.57E-06,  5.00E-06,  1.469E+04,  5.818E-21,  3.1,  3.1
      1660.00, 0.0, 1.56E-06,  5.00E-06,  1.465E+04,  5.824E-21,  3.1,  3.1
      1661.00, 0.0, 1.55E-06,  5.00E-06,  1.460E+04,  5.831E-21,  3.1,  3.1
      1662.00, 0.0, 1.54E-06,  5.00E-06,  1.456E+04,  5.837E-21,  3.1,  3.1
      1663.00, 0.0, 1.54E-06,  5.00E-06,  1.452E+04,  5.843E-21,  3.1,  3.1
      1664.00, 0.0, 1.53E-06,  5.00E-06,  1.448E+04,  5.849E-21,  3.1,  3.1
      1665.00, 0.0, 1.52E-06,  5.00E-06,  1.444E+04,  5.856E-21,  3.1,  3.1
      1666.00, 0.0, 1.52E-06,  5.00E-06,  1.440E+04,  5.862E-21,  3.1,  3.1
      1667.00, 0.0, 1.51E-06,  5.00E-06,  1.436E+04,  5.869E-21,  3.1,  3.1
      1668.00, 0.0, 1.50E-06,  5.00E-06,  1.432E+04,  5.876E-21,  3.1,  3.1
      1669.00, 0.0, 1.50E-06,  5.00E-06,  1.428E+04,  5.882E-21,  3.1,  3.1
      1670.00, 0.0, 1.49E-06,  5.00E-06,  1.424E+04,  5.889E-21,  3.1,  3.1
      1671.00, 0.0, 1.48E-06,  5.00E-06,  1.419E+04,  5.896E-21,  3.1,  3.1
      1672.00, 0.0, 1.48E-06,  5.00E-06,  1.415E+04,  5.903E-21,  3.1,  3.1
      1673.00, 0.0, 1.47E-06,  5.00E-06,  1.411E+04,  5.910E-21,  3.1,  3.1
      1674.00, 0.0, 1.46E-06,  5.00E-06,  1.407E+04,  5.917E-21,  3.1,  3.1
      1675.00, 0.0, 1.46E-06,  5.00E-06,  1.403E+04,  5.924E-21,  3.1,  3.1
      1676.00, 0.0, 1.45E-06,  5.00E-06,  1.399E+04,  5.931E-21,  3.1,  3.1
      1677.00, 0.0, 1.44E-06,  5.00E-06,  1.395E+04,  5.938E-21,  3.1,  3.1
      1678.00, 0.0, 1.44E-06,  5.00E-06,  1.391E+04,  5.946E-21,  3.1,  3.1
      1679.00, 0.0, 1.43E-06,  5.00E-06,  1.387E+04,  5.953E-21,  3.1,  3.1
      1680.00, 0.0, 1.43E-06,  5.00E-06,  1.383E+04,  5.960E-21,  3.1,  3.1
      1681.00, 0.0, 1.42E-06,  5.00E-06,  1.378E+04,  5.968E-21,  3.1,  3.1
      1682.00, 0.0, 1.41E-06,  5.00E-06,  1.374E+04,  5.976E-21,  3.1,  3.1
      1683.00, 0.0, 1.41E-06,  5.00E-06,  1.370E+04,  5.983E-21,  3.1,  3.1
      1684.00, 0.0, 1.40E-06,  5.00E-06,  1.369E+04,  5.981E-21,  3.1,  3.1
      1685.00, 0.0, 1.40E-06,  5.00E-06,  1.370E+04,  5.974E-21,  3.1,  3.1
      1686.00, 0.0, 1.40E-06,  5.00E-06,  1.370E+04,  5.967E-21,  3.1,  3.1
      1687.00, 0.0, 1.40E-06,  5.00E-06,  1.371E+04,  5.960E-21,  3.1,  3.1
      1688.00, 0.0, 1.40E-06,  5.00E-06,  1.372E+04,  5.953E-21,  3.1,  3.1
      1689.00, 0.0, 1.40E-06,  5.00E-06,  1.372E+04,  5.946E-21,  3.1,  3.1
      1690.00, 0.0, 1.39E-06,  5.00E-06,  1.373E+04,  5.939E-21,  3.1,  3.1
      1691.00, 0.0, 1.39E-06,  5.00E-06,  1.374E+04,  5.932E-21,  3.1,  3.1
      1692.00, 0.0, 1.39E-06,  5.00E-06,  1.374E+04,  5.925E-21,  3.1,  3.1
      1693.00, 0.0, 1.39E-06,  5.00E-06,  1.375E+04,  5.919E-21,  3.1,  3.1
      1694.00, 0.0, 1.39E-06,  5.00E-06,  1.375E+04,  5.912E-21,  3.1,  3.1
      1695.00, 0.0, 1.39E-06,  5.00E-06,  1.376E+04,  5.905E-21,  3.1,  3.1
      1696.00, 0.0, 1.38E-06,  5.00E-06,  1.377E+04,  5.898E-21,  3.1,  3.1
      1697.00, 0.0, 1.38E-06,  5.00E-06,  1.377E+04,  5.891E-21,  3.1,  3.1
      1698.00, 0.0, 1.38E-06,  5.00E-06,  1.378E+04,  5.885E-21,  3.1,  3.1
      1699.00, 0.0, 1.38E-06,  5.00E-06,  1.378E+04,  5.878E-21,  3.1,  3.1
      1700.00, 0.0, 1.38E-06,  5.00E-06,  1.379E+04,  5.871E-21,  3.1,  3.1
      1701.00, 0.0, 1.38E-06,  5.00E-06,  1.379E+04,  5.865E-21,  3.1,  3.1
      1702.00, 0.0, 1.38E-06,  5.00E-06,  1.380E+04,  5.858E-21,  3.1,  3.1
      1703.00, 0.0, 1.37E-06,  5.00E-06,  1.380E+04,  5.852E-21,  3.1,  3.1
      1704.00, 0.0, 1.37E-06,  5.00E-06,  1.381E+04,  5.845E-21,  3.1,  3.1
      1705.00, 0.0, 1.37E-06,  5.00E-06,  1.381E+04,  5.840E-21,  3.1,  3.1
      1706.00, 0.0, 1.37E-06,  5.00E-06,  1.381E+04,  5.836E-21,  3.1,  3.1
      1707.00, 0.0, 1.37E-06,  5.00E-06,  1.381E+04,  5.831E-21,  3.1,  3.1
      1708.00, 0.0, 1.36E-06,  5.00E-06,  1.381E+04,  5.826E-21,  3.1,  3.1
      1709.00, 0.0, 1.36E-06,  5.00E-06,  1.381E+04,  5.822E-21,  3.1,  3.1
      1710.00, 0.0, 1.36E-06,  5.00E-06,  1.381E+04,  5.817E-21,  3.1,  3.1
      1711.00, 0.0, 1.36E-06,  5.00E-06,  1.381E+04,  5.813E-21,  3.1,  3.1
      1712.00, 0.0, 1.36E-06,  5.00E-06,  1.381E+04,  5.808E-21,  3.1,  3.1
      1713.00, 0.0, 1.35E-06,  5.00E-06,  1.380E+04,  5.804E-21,  3.1,  3.1
      1714.00, 0.0, 1.35E-06,  5.00E-06,  1.380E+04,  5.799E-21,  3.1,  3.1
      1715.00, 0.0, 1.35E-06,  5.00E-06,  1.380E+04,  5.795E-21,  3.1,  3.1
      1716.00, 0.0, 1.35E-06,  5.00E-06,  1.380E+04,  5.791E-21,  3.1,  3.1
      1717.00, 0.0, 1.35E-06,  5.00E-06,  1.380E+04,  5.786E-21,  3.1,  3.1
      1718.00, 0.0, 1.34E-06,  5.00E-06,  1.380E+04,  5.782E-21,  3.1,  3.1
      1719.00, 0.0, 1.34E-06,  5.00E-06,  1.380E+04,  5.778E-21,  3.1,  3.1
      1720.00, 0.0, 1.34E-06,  5.00E-06,  1.380E+04,  5.773E-21,  3.1,  3.1
      1721.00, 0.0, 1.34E-06,  5.00E-06,  1.379E+04,  5.769E-21,  3.1,  3.1
      1722.00, 0.0, 1.34E-06,  5.00E-06,  1.379E+04,  5.765E-21,  3.1,  3.1
      1723.00, 0.0, 1.33E-06,  5.00E-06,  1.379E+04,  5.761E-21,  3.1,  3.1
      1724.00, 0.0, 1.33E-06,  5.00E-06,  1.379E+04,  5.757E-21,  3.1,  3.1
      1725.00, 0.0, 1.33E-06,  5.00E-06,  1.379E+04,  5.753E-21,  3.1,  3.1
      1726.00, 0.0, 1.33E-06,  5.00E-06,  1.379E+04,  5.748E-21,  3.1,  3.1
      1727.00, 0.0, 1.33E-06,  5.00E-06,  1.378E+04,  5.744E-21,  3.1,  3.1
      1728.00, 0.0, 1.32E-06,  5.00E-06,  1.378E+04,  5.740E-21,  3.1,  3.1
      1729.00, 0.0, 1.32E-06,  5.00E-06,  1.378E+04,  5.736E-21,  3.1,  3.1
      1730.00, 0.0, 1.32E-06,  5.00E-06,  1.378E+04,  5.732E-21,  3.1,  3.1
      1731.00, 0.0, 1.32E-06,  5.00E-06,  1.377E+04,  5.731E-21,  3.1,  3.1
      1732.00, 0.0, 1.31E-06,  5.00E-06,  1.375E+04,  5.731E-21,  3.1,  3.1
      1733.00, 0.0, 1.31E-06,  5.00E-06,  1.374E+04,  5.731E-21,  3.1,  3.1
      1734.00, 0.0, 1.31E-06,  5.00E-06,  1.372E+04,  5.732E-21,  3.1,  3.1
      1735.00, 0.0, 1.30E-06,  5.00E-06,  1.371E+04,  5.732E-21,  3.1,  3.1
      1736.00, 0.0, 1.30E-06,  5.00E-06,  1.369E+04,  5.732E-21,  3.1,  3.1
      1737.00, 0.0, 1.30E-06,  5.00E-06,  1.367E+04,  5.733E-21,  3.1,  3.1
      1738.00, 0.0, 1.29E-06,  5.00E-06,  1.366E+04,  5.733E-21,  3.1,  3.1
      1739.00, 0.0, 1.29E-06,  5.00E-06,  1.364E+04,  5.734E-21,  3.1,  3.1
      1740.00, 0.0, 1.29E-06,  5.00E-06,  1.363E+04,  5.734E-21,  3.1,  3.1
      1741.00, 0.0, 1.28E-06,  5.00E-06,  1.361E+04,  5.735E-21,  3.1,  3.1
      1742.00, 0.0, 1.28E-06,  5.00E-06,  1.359E+04,  5.735E-21,  3.1,  3.1
      1743.00, 0.0, 1.28E-06,  5.00E-06,  1.358E+04,  5.736E-21,  3.1,  3.1
      1744.00, 0.0, 1.27E-06,  5.00E-06,  1.352E+04,  5.750E-21,  3.1,  3.1
      1745.00, 0.0, 1.26E-06,  5.00E-06,  1.346E+04,  5.764E-21,  3.1,  3.1
      1746.00, 0.0, 1.26E-06,  5.00E-06,  1.340E+04,  5.778E-21,  3.1,  3.1
      1747.00, 0.0, 1.25E-06,  5.00E-06,  1.334E+04,  5.792E-21,  3.1,  3.1
      1748.00, 0.0, 1.24E-06,  5.00E-06,  1.328E+04,  5.807E-21,  3.1,  3.1
      1749.00, 0.0, 1.24E-06,  5.00E-06,  1.322E+04,  5.822E-21,  3.1,  3.1
      1750.00, 0.0, 1.23E-06,  5.00E-06,  1.316E+04,  5.837E-21,  3.1,  3.1
      1751.00, 0.0, 1.22E-06,  5.00E-06,  1.310E+04,  5.852E-21,  3.1,  3.1
      1752.00, 0.0, 1.21E-06,  5.00E-06,  1.304E+04,  5.868E-21,  3.1,  3.1
      1753.00, 0.0, 1.21E-06,  5.00E-06,  1.298E+04,  5.883E-21,  3.1,  3.1
      1754.00, 0.0, 1.20E-06,  5.00E-06,  1.292E+04,  5.899E-21,  3.1,  3.1
      1755.00, 0.0, 1.19E-06,  5.00E-06,  1.286E+04,  5.915E-21,  3.1,  3.1
      1756.00, 0.0, 1.19E-06,  5.00E-06,  1.280E+04,  5.931E-21,  3.1,  3.1
      1757.00, 0.0, 1.18E-06,  5.00E-06,  1.274E+04,  5.948E-21,  3.1,  3.1
      1758.00, 0.0, 1.17E-06,  5.00E-06,  1.268E+04,  5.965E-21,  3.1,  3.1
      1759.00, 0.0, 1.16E-06,  5.00E-06,  1.262E+04,  5.982E-21,  3.1,  3.1
      1760.00, 0.0, 1.16E-06,  5.00E-06,  1.256E+04,  5.998E-21,  3.1,  3.1
      1761.00, 0.0, 1.15E-06,  5.00E-06,  1.251E+04,  6.012E-21,  3.1,  3.1
      1762.00, 0.0, 1.14E-06,  5.00E-06,  1.246E+04,  6.026E-21,  3.1,  3.1
      1763.00, 0.0, 1.14E-06,  5.00E-06,  1.241E+04,  6.040E-21,  3.1,  3.1
      1764.00, 0.0, 1.13E-06,  5.00E-06,  1.236E+04,  6.055E-21,  3.1,  3.1
      1765.00, 0.0, 1.13E-06,  5.00E-06,  1.230E+04,  6.069E-21,  3.1,  3.1
      1766.00, 0.0, 1.12E-06,  5.00E-06,  1.225E+04,  6.084E-21,  3.1,  3.1
      1767.00, 0.0, 1.11E-06,  5.00E-06,  1.220E+04,  6.099E-21,  3.1,  3.1
      1768.00, 0.0, 1.11E-06,  5.00E-06,  1.215E+04,  6.115E-21,  3.1,  3.1
      1769.00, 0.0, 1.10E-06,  5.00E-06,  1.209E+04,  6.130E-21,  3.1,  3.1
      1770.00, 0.0, 1.10E-06,  5.00E-06,  1.204E+04,  6.146E-21,  3.1,  3.1
      1771.00, 0.0, 1.09E-06,  5.00E-06,  1.199E+04,  6.162E-21,  3.1,  3.1
      1772.00, 0.0, 1.08E-06,  5.00E-06,  1.194E+04,  6.179E-21,  3.1,  3.1
      1773.00, 0.0, 1.08E-06,  5.00E-06,  1.188E+04,  6.195E-21,  3.1,  3.1
      1774.00, 0.0, 1.07E-06,  5.00E-06,  1.183E+04,  6.212E-21,  3.1,  3.1
      1775.00, 0.0, 1.06E-06,  5.00E-06,  1.178E+04,  6.229E-21,  3.1,  3.1
      1776.00, 0.0, 1.06E-06,  5.00E-06,  1.172E+04,  6.247E-21,  3.1,  3.1
      1777.00, 0.0, 1.05E-06,  5.00E-06,  1.167E+04,  6.264E-21,  3.1,  3.1
      1778.00, 0.0, 1.05E-06,  5.00E-06,  1.161E+04,  6.282E-21,  3.1,  3.1
      1779.00, 0.0, 1.04E-06,  5.00E-06,  1.156E+04,  6.300E-21,  3.1,  3.1
      1780.00, 0.0, 1.03E-06,  5.00E-06,  1.150E+04,  6.319E-21,  3.1,  3.1
      1781.00, 0.0, 1.03E-06,  5.00E-06,  1.145E+04,  6.338E-21,  3.1,  3.1
      1782.00, 0.0, 1.02E-06,  5.00E-06,  1.139E+04,  6.357E-21,  3.1,  3.1
      1783.00, 0.0, 1.02E-06,  5.00E-06,  1.134E+04,  6.376E-21,  3.1,  3.1
      1784.00, 0.0, 1.01E-06,  5.00E-06,  1.128E+04,  6.396E-21,  3.1,  3.1
      1785.00, 0.0, 1.00E-06,  5.00E-06,  1.123E+04,  6.416E-21,  3.1,  3.1
      1786.00, 0.0, 9.97E-07,  5.00E-06,  1.117E+04,  6.436E-21,  3.1,  3.1
      1787.00, 0.0, 9.90E-07,  5.00E-06,  1.111E+04,  6.457E-21,  3.1,  3.1
      1788.00, 0.0, 9.84E-07,  5.00E-06,  1.106E+04,  6.478E-21,  3.1,  3.1
      1789.00, 0.0, 9.78E-07,  5.00E-06,  1.100E+04,  6.499E-21,  3.1,  3.1
      1790.00, 0.0, 9.71E-07,  5.00E-06,  1.094E+04,  6.522E-21,  3.1,  3.1
      1791.00, 0.0, 9.65E-07,  5.00E-06,  1.088E+04,  6.546E-21,  3.1,  3.1
      1792.00, 0.0, 9.58E-07,  5.00E-06,  1.082E+04,  6.571E-21,  3.1,  3.1
      1793.00, 0.0, 9.52E-07,  5.00E-06,  1.076E+04,  6.596E-21,  3.1,  3.1
      1794.00, 0.0, 9.45E-07,  5.00E-06,  1.069E+04,  6.621E-21,  3.1,  3.1
      1795.00, 0.0, 9.39E-07,  5.00E-06,  1.063E+04,  6.646E-21,  3.1,  3.1
      1796.00, 0.0, 9.32E-07,  5.00E-06,  1.057E+04,  6.672E-21,  3.1,  3.1
      1797.00, 0.0, 9.25E-07,  5.00E-06,  1.051E+04,  6.699E-21,  3.1,  3.1
      1798.00, 0.0, 9.19E-07,  5.00E-06,  1.045E+04,  6.726E-21,  3.1,  3.1
      1799.00, 0.0, 9.12E-07,  5.00E-06,  1.038E+04,  6.753E-21,  3.1,  3.1
      1800.00, 0.0, 9.06E-07,  5.00E-06,  1.032E+04,  6.780E-21,  3.1,  3.1
      1801.00, 0.0, 8.99E-07,  5.00E-06,  1.026E+04,  6.809E-21,  3.1,  3.1
      1802.00, 0.0, 8.93E-07,  5.00E-06,  1.019E+04,  6.837E-21,  3.1,  3.1
      1803.00, 0.0, 8.86E-07,  5.00E-06,  1.013E+04,  6.866E-21,  3.1,  3.1
      1804.00, 0.0, 8.79E-07,  5.00E-06,  1.007E+04,  6.896E-21,  3.1,  3.1
      1805.00, 0.0, 8.73E-07,  5.00E-06,  1.000E+04,  6.926E-21,  3.1,  3.1
      1806.00, 0.0, 8.66E-07,  5.00E-06,  9.941E+03,  6.957E-21,  3.1,  3.1
      1807.00, 0.0, 8.60E-07,  5.00E-06,  9.877E+03,  6.988E-21,  3.1,  3.1
      1808.00, 0.0, 8.53E-07,  5.00E-06,  9.813E+03,  7.019E-21,  3.1,  3.1
      1809.00, 0.0, 8.47E-07,  5.00E-06,  9.747E+03,  7.052E-21,  3.1,  3.1
      1810.00, 0.0, 8.40E-07,  5.00E-06,  9.678E+03,  7.087E-21,  3.1,  3.1
      1811.00, 0.0, 8.33E-07,  5.00E-06,  9.609E+03,  7.123E-21,  3.1,  3.1
      1812.00, 0.0, 8.26E-07,  5.00E-06,  9.540E+03,  7.160E-21,  3.1,  3.1
      1813.00, 0.0, 8.19E-07,  5.00E-06,  9.471E+03,  7.197E-21,  3.1,  3.1
      1814.00, 0.0, 8.12E-07,  5.00E-06,  9.402E+03,  7.235E-21,  3.1,  3.1
      1815.00, 0.0, 8.05E-07,  5.00E-06,  9.332E+03,  7.274E-21,  3.1,  3.1
      1816.00, 0.0, 7.98E-07,  5.00E-06,  9.263E+03,  7.313E-21,  3.1,  3.1
      1817.00, 0.0, 7.91E-07,  5.00E-06,  9.193E+03,  7.353E-21,  3.1,  3.1
      1818.00, 0.0, 7.84E-07,  5.00E-06,  9.123E+03,  7.393E-21,  3.1,  3.1
      1819.00, 0.0, 7.78E-07,  5.00E-06,  9.053E+03,  7.435E-21,  3.1,  3.1
      1820.00, 0.0, 7.71E-07,  5.00E-06,  8.983E+03,  7.477E-21,  3.1,  3.1
      1821.00, 0.0, 7.64E-07,  5.00E-06,  8.913E+03,  7.520E-21,  3.1,  3.1
      1822.00, 0.0, 7.57E-07,  5.00E-06,  8.843E+03,  7.563E-21,  3.1,  3.1
      1823.00, 0.0, 7.50E-07,  5.00E-06,  8.773E+03,  7.608E-21,  3.1,  3.1
      1824.00, 0.0, 7.43E-07,  5.00E-06,  8.702E+03,  7.653E-21,  3.1,  3.1
      1825.00, 0.0, 7.37E-07,  5.00E-06,  8.632E+03,  7.699E-21,  3.1,  3.1
      1826.00, 0.0, 7.29E-07,  5.00E-06,  8.556E+03,  7.750E-21,  3.1,  3.1
      1827.00, 0.0, 7.22E-07,  5.00E-06,  8.480E+03,  7.802E-21,  3.1,  3.1
      1828.00, 0.0, 7.15E-07,  5.00E-06,  8.403E+03,  7.856E-21,  3.1,  3.1
      1829.00, 0.0, 7.07E-07,  5.00E-06,  8.326E+03,  7.910E-21,  3.1,  3.1
      1830.00, 0.0, 7.00E-07,  5.00E-06,  8.250E+03,  7.965E-21,  3.1,  3.1
      1831.00, 0.0, 6.93E-07,  5.00E-06,  8.173E+03,  8.022E-21,  3.1,  3.1
      1832.00, 0.0, 6.86E-07,  5.00E-06,  8.097E+03,  8.080E-21,  3.1,  3.1
      1833.00, 0.0, 6.78E-07,  5.00E-06,  8.020E+03,  8.138E-21,  3.1,  3.1
      1834.00, 0.0, 6.71E-07,  5.00E-06,  7.944E+03,  8.198E-21,  3.1,  3.1
      1835.00, 0.0, 6.64E-07,  5.00E-06,  7.867E+03,  8.260E-21,  3.1,  3.1
      1836.00, 0.0, 6.57E-07,  5.00E-06,  7.790E+03,  8.322E-21,  3.1,  3.1
      1837.00, 0.0, 6.50E-07,  5.00E-06,  7.714E+03,  8.386E-21,  3.1,  3.1
      1838.00, 0.0, 6.43E-07,  5.00E-06,  7.637E+03,  8.451E-21,  3.1,  3.1
      1839.00, 0.0, 6.35E-07,  5.00E-06,  7.561E+03,  8.517E-21,  3.1,  3.1
      1840.00, 0.0, 6.28E-07,  5.00E-06,  7.484E+03,  8.585E-21,  3.1,  3.1
      1841.00, 0.0, 6.21E-07,  5.00E-06,  7.407E+03,  8.654E-21,  3.1,  3.1
      1842.00, 0.0, 6.15E-07,  5.00E-06,  7.337E+03,  8.718E-21,  3.1,  3.1
      1843.00, 0.0, 6.09E-07,  5.00E-06,  7.273E+03,  8.777E-21,  3.1,  3.1
      1844.00, 0.0, 6.03E-07,  5.00E-06,  7.209E+03,  8.838E-21,  3.1,  3.1
      1845.00, 0.0, 5.97E-07,  5.00E-06,  7.145E+03,  8.899E-21,  3.1,  3.1
      1846.00, 0.0, 5.91E-07,  5.00E-06,  7.080E+03,  8.963E-21,  3.1,  3.1
      1847.00, 0.0, 5.85E-07,  5.00E-06,  7.015E+03,  9.027E-21,  3.1,  3.1
      1848.00, 0.0, 5.79E-07,  5.00E-06,  6.950E+03,  9.094E-21,  3.1,  3.1
      1849.00, 0.0, 5.73E-07,  5.00E-06,  6.885E+03,  9.161E-21,  3.1,  3.1
      1850.00, 0.0, 5.67E-07,  5.00E-06,  6.819E+03,  9.231E-21,  3.1,  3.1
      1851.00, 0.0, 5.61E-07,  5.00E-06,  6.753E+03,  9.302E-21,  3.1,  3.1
      1852.00, 0.0, 5.54E-07,  5.00E-06,  6.687E+03,  9.375E-21,  3.1,  3.1
      1853.00, 0.0, 5.48E-07,  5.00E-06,  6.621E+03,  9.449E-21,  3.1,  3.1
      1854.00, 0.0, 5.42E-07,  5.00E-06,  6.554E+03,  9.526E-21,  3.1,  3.1
      1855.00, 0.0, 5.36E-07,  5.00E-06,  6.487E+03,  9.604E-21,  3.1,  3.1
      1856.00, 0.0, 5.30E-07,  5.00E-06,  6.420E+03,  9.685E-21,  3.1,  3.1
      1857.00, 0.0, 5.24E-07,  5.00E-06,  6.352E+03,  9.768E-21,  3.1,  3.1
      1858.00, 0.0, 5.18E-07,  5.00E-06,  6.285E+03,  9.852E-21,  3.1,  3.1
      1859.00, 0.0, 5.12E-07,  5.00E-06,  6.217E+03,  9.939E-21,  3.1,  3.1
      1860.00, 0.0, 5.06E-07,  5.00E-06,  6.149E+03,  1.003E-20,  3.1,  3.1
      1861.00, 0.0, 5.00E-07,  5.00E-06,  6.080E+03,  1.012E-20,  3.1,  3.1
      1862.00, 0.0, 4.93E-07,  5.00E-06,  6.011E+03,  1.021E-20,  3.1,  3.1
      1863.00, 0.0, 4.87E-07,  5.00E-06,  5.942E+03,  1.031E-20,  3.1,  3.1
      1864.00, 0.0, 4.81E-07,  5.00E-06,  5.873E+03,  1.041E-20,  3.1,  3.1
      1865.00, 0.0, 4.75E-07,  5.00E-06,  5.804E+03,  1.051E-20,  3.1,  3.1
      1866.00, 0.0, 4.69E-07,  5.00E-06,  5.734E+03,  1.062E-20,  3.1,  3.1
      1867.00, 0.0, 4.63E-07,  5.00E-06,  5.664E+03,  1.073E-20,  3.1,  3.1
      1868.00, 0.0, 4.56E-07,  5.00E-06,  5.590E+03,  1.084E-20,  3.1,  3.1
      1869.00, 0.0, 4.49E-07,  5.00E-06,  5.510E+03,  1.098E-20,  3.1,  3.1
      1870.00, 0.0, 4.42E-07,  5.00E-06,  5.430E+03,  1.111E-20,  3.1,  3.1
      1871.00, 0.0, 4.35E-07,  5.00E-06,  5.350E+03,  1.125E-20,  3.1,  3.1
      1872.00, 0.0, 4.28E-07,  5.00E-06,  5.270E+03,  1.140E-20,  3.1,  3.1
      1873.00, 0.0, 4.21E-07,  5.00E-06,  5.190E+03,  1.154E-20,  3.1,  3.1
      1874.00, 0.0, 4.14E-07,  5.00E-06,  5.110E+03,  1.170E-20,  3.1,  3.1
      1875.00, 0.0, 4.07E-07,  5.00E-06,  5.029E+03,  1.186E-20,  3.1,  3.1
      1876.00, 0.0, 4.01E-07,  5.00E-06,  4.949E+03,  1.202E-20,  3.1,  3.1
      1877.00, 0.0, 3.94E-07,  5.00E-06,  4.869E+03,  1.219E-20,  3.1,  3.1
      1878.00, 0.0, 3.87E-07,  5.00E-06,  4.789E+03,  1.236E-20,  3.1,  3.1
      1879.00, 0.0, 3.80E-07,  5.00E-06,  4.709E+03,  1.254E-20,  3.1,  3.1
      1880.00, 0.0, 3.73E-07,  5.00E-06,  4.629E+03,  1.273E-20,  3.1,  3.1
      1881.00, 0.0, 3.66E-07,  5.00E-06,  4.549E+03,  1.292E-20,  3.1,  3.1
      1882.00, 0.0, 3.60E-07,  5.00E-06,  4.469E+03,  1.312E-20,  3.1,  3.1
      1883.00, 0.0, 3.53E-07,  5.00E-06,  4.389E+03,  1.333E-20,  3.1,  3.1
      1884.00, 0.0, 3.46E-07,  5.00E-06,  4.309E+03,  1.355E-20,  3.1,  3.1
      1885.00, 0.0, 3.39E-07,  5.00E-06,  4.228E+03,  1.377E-20,  3.1,  3.1
      1886.00, 0.0, 3.33E-07,  5.00E-06,  4.148E+03,  1.400E-20,  3.1,  3.1
      1887.00, 0.0, 3.26E-07,  5.00E-06,  4.068E+03,  1.425E-20,  3.1,  3.1
      1888.00, 0.0, 3.19E-07,  5.00E-06,  3.988E+03,  1.450E-20,  3.1,  3.1
      1889.00, 0.0, 3.12E-07,  5.00E-06,  3.908E+03,  1.476E-20,  3.1,  3.1
      1890.00, 0.0, 3.06E-07,  5.00E-06,  3.828E+03,  1.503E-20,  3.1,  3.1
      1891.00, 0.0, 2.99E-07,  5.00E-06,  3.748E+03,  1.532E-20,  3.1,  3.1
      1892.00, 0.0, 2.92E-07,  5.00E-06,  3.668E+03,  1.561E-20,  3.1,  3.1
      1893.00, 0.0, 2.86E-07,  5.00E-06,  3.588E+03,  1.592E-20,  3.1,  3.1
      1894.00, 0.0, 2.79E-07,  5.00E-06,  3.508E+03,  1.625E-20,  3.1,  3.1
      1895.00, 0.0, 2.72E-07,  5.00E-06,  3.428E+03,  1.659E-20,  3.1,  3.1
      1896.00, 0.0, 2.66E-07,  5.00E-06,  3.348E+03,  1.695E-20,  3.1,  3.1
      1897.00, 0.0, 2.59E-07,  5.00E-06,  3.268E+03,  1.732E-20,  3.1,  3.1
      1898.00, 0.0, 2.53E-07,  5.00E-06,  3.187E+03,  1.771E-20,  3.1,  3.1
      1899.00, 0.0, 2.46E-07,  5.00E-06,  3.107E+03,  1.813E-20,  3.1,  3.1
      1900.00, 0.0, 2.39E-07,  5.00E-06,  3.027E+03,  1.856E-20,  3.1,  3.1
      1901.00, 0.0, 2.38E-07,  5.00E-06,  3.016E+03,  1.861E-20,  3.1,  3.1
      1902.00, 0.0, 2.37E-07,  5.00E-06,  3.005E+03,  1.867E-20,  3.1,  3.1
      1903.00, 0.0, 2.36E-07,  5.00E-06,  2.993E+03,  1.873E-20,  3.1,  3.1
      1904.00, 0.0, 2.35E-07,  5.00E-06,  2.982E+03,  1.878E-20,  3.1,  3.1
      1905.00, 0.0, 2.34E-07,  5.00E-06,  2.970E+03,  1.884E-20,  3.1,  3.1
      1906.00, 0.0, 2.33E-07,  5.00E-06,  2.959E+03,  1.890E-20,  3.1,  3.1
      1907.00, 0.0, 2.32E-07,  5.00E-06,  2.948E+03,  1.895E-20,  3.1,  3.1
      1908.00, 0.0, 2.31E-07,  5.00E-06,  2.936E+03,  1.901E-20,  3.1,  3.1
      1909.00, 0.0, 2.29E-07,  5.00E-06,  2.925E+03,  1.907E-20,  3.1,  3.1
      1910.00, 0.0, 2.28E-07,  5.00E-06,  2.914E+03,  1.913E-20,  3.1,  3.1
      1911.00, 0.0, 2.27E-07,  5.00E-06,  2.902E+03,  1.919E-20,  3.1,  3.1
      1912.00, 0.0, 2.26E-07,  5.00E-06,  2.891E+03,  1.925E-20,  3.1,  3.1
      1913.00, 0.0, 2.25E-07,  5.00E-06,  2.879E+03,  1.931E-20,  3.1,  3.1
      1914.00, 0.0, 2.24E-07,  5.00E-06,  2.868E+03,  1.937E-20,  3.1,  3.1
      1915.00, 0.0, 2.23E-07,  5.00E-06,  2.857E+03,  1.943E-20,  3.1,  3.1
      1916.00, 0.0, 2.22E-07,  5.00E-06,  2.845E+03,  1.949E-20,  3.1,  3.1
      1917.00, 0.0, 2.21E-07,  5.00E-06,  2.834E+03,  1.956E-20,  3.1,  3.1
      1918.00, 0.0, 2.20E-07,  5.00E-06,  2.822E+03,  1.962E-20,  3.1,  3.1
      1919.00, 0.0, 2.19E-07,  5.00E-06,  2.811E+03,  1.968E-20,  3.1,  3.1
      1920.00, 0.0, 2.17E-07,  5.00E-06,  2.800E+03,  1.975E-20,  3.1,  3.1
      1921.00, 0.0, 2.16E-07,  5.00E-06,  2.788E+03,  1.981E-20,  3.1,  3.1
      1922.00, 0.0, 2.15E-07,  5.00E-06,  2.777E+03,  1.988E-20,  3.1,  3.1
      1923.00, 0.0, 2.14E-07,  5.00E-06,  2.766E+03,  1.994E-20,  3.1,  3.1
      1924.00, 0.0, 2.13E-07,  5.00E-06,  2.754E+03,  2.001E-20,  3.1,  3.1
      1925.00, 0.0, 2.12E-07,  5.00E-06,  2.743E+03,  2.007E-20,  3.1,  3.1
      1926.00, 0.0, 2.11E-07,  5.00E-06,  2.731E+03,  2.014E-20,  3.1,  3.1
      1927.00, 0.0, 2.10E-07,  5.00E-06,  2.720E+03,  2.021E-20,  3.1,  3.1
      1928.00, 0.0, 2.09E-07,  5.00E-06,  2.709E+03,  2.028E-20,  3.1,  3.1
      1929.00, 0.0, 2.08E-07,  5.00E-06,  2.697E+03,  2.035E-20,  3.1,  3.1
      1930.00, 0.0, 2.07E-07,  5.00E-06,  2.686E+03,  2.042E-20,  3.1,  3.1
      1931.00, 0.0, 2.06E-07,  5.00E-06,  2.675E+03,  2.049E-20,  3.1,  3.1
      1932.00, 0.0, 2.05E-07,  5.00E-06,  2.663E+03,  2.056E-20,  3.1,  3.1
      1933.00, 0.0, 2.04E-07,  5.00E-06,  2.652E+03,  2.063E-20,  3.1,  3.1
      1934.00, 0.0, 2.03E-07,  5.00E-06,  2.640E+03,  2.070E-20,  3.1,  3.1
      1935.00, 0.0, 2.01E-07,  5.00E-06,  2.629E+03,  2.078E-20,  3.1,  3.1
      1936.00, 0.0, 2.00E-07,  5.00E-06,  2.618E+03,  2.085E-20,  3.1,  3.1
      1937.00, 0.0, 1.99E-07,  5.00E-06,  2.606E+03,  2.092E-20,  3.1,  3.1
      1938.00, 0.0, 1.98E-07,  5.00E-06,  2.595E+03,  2.100E-20,  3.1,  3.1
      1939.00, 0.0, 1.97E-07,  5.00E-06,  2.584E+03,  2.107E-20,  3.1,  3.1
      1940.00, 0.0, 1.96E-07,  5.00E-06,  2.574E+03,  2.114E-20,  3.1,  3.1
      1941.00, 0.0, 1.95E-07,  5.00E-06,  2.563E+03,  2.121E-20,  3.1,  3.1
      1942.00, 0.0, 1.94E-07,  5.00E-06,  2.553E+03,  2.128E-20,  3.1,  3.1
      1943.00, 0.0, 1.93E-07,  5.00E-06,  2.542E+03,  2.135E-20,  3.1,  3.1
      1944.00, 0.0, 1.92E-07,  5.00E-06,  2.531E+03,  2.143E-20,  3.1,  3.1
      1945.00, 0.0, 1.92E-07,  5.00E-06,  2.521E+03,  2.150E-20,  3.1,  3.1
      1946.00, 0.0, 1.91E-07,  5.00E-06,  2.510E+03,  2.157E-20,  3.1,  3.1
      1947.00, 0.0, 1.90E-07,  5.00E-06,  2.500E+03,  2.165E-20,  3.1,  3.1
      1948.00, 0.0, 1.89E-07,  5.00E-06,  2.489E+03,  2.172E-20,  3.1,  3.1
      1949.00, 0.0, 1.88E-07,  5.00E-06,  2.478E+03,  2.180E-20,  3.1,  3.1
      1950.00, 0.0, 1.87E-07,  5.00E-06,  2.468E+03,  2.188E-20,  3.1,  3.1
      1951.00, 0.0, 1.86E-07,  5.00E-06,  2.457E+03,  2.195E-20,  3.1,  3.1
      1952.00, 0.0, 1.85E-07,  5.00E-06,  2.446E+03,  2.203E-20,  3.1,  3.1
      1953.00, 0.0, 1.84E-07,  5.00E-06,  2.436E+03,  2.211E-20,  3.1,  3.1
      1954.00, 0.0, 1.83E-07,  5.00E-06,  2.425E+03,  2.219E-20,  3.1,  3.1
      1955.00, 0.0, 1.82E-07,  5.00E-06,  2.415E+03,  2.227E-20,  3.1,  3.1
      1956.00, 0.0, 1.81E-07,  5.00E-06,  2.404E+03,  2.235E-20,  3.1,  3.1
      1957.00, 0.0, 1.80E-07,  5.00E-06,  2.393E+03,  2.244E-20,  3.1,  3.1
      1958.00, 0.0, 1.79E-07,  5.00E-06,  2.382E+03,  2.252E-20,  3.1,  3.1
      1959.00, 0.0, 1.78E-07,  5.00E-06,  2.372E+03,  2.260E-20,  3.1,  3.1
      1960.00, 0.0, 1.77E-07,  5.00E-06,  2.361E+03,  2.269E-20,  3.1,  3.1
      1961.00, 0.0, 1.76E-07,  5.00E-06,  2.350E+03,  2.277E-20,  3.1,  3.1
      1962.00, 0.0, 1.75E-07,  5.00E-06,  2.340E+03,  2.286E-20,  3.1,  3.1
      1963.00, 0.0, 1.74E-07,  5.00E-06,  2.329E+03,  2.295E-20,  3.1,  3.1
      1964.00, 0.0, 1.73E-07,  5.00E-06,  2.318E+03,  2.304E-20,  3.1,  3.1
      1965.00, 0.0, 1.72E-07,  5.00E-06,  2.307E+03,  2.313E-20,  3.1,  3.1
      1966.00, 0.0, 1.71E-07,  5.00E-06,  2.297E+03,  2.322E-20,  3.1,  3.1
      1967.00, 0.0, 1.70E-07,  5.00E-06,  2.286E+03,  2.331E-20,  3.1,  3.1
      1968.00, 0.0, 1.70E-07,  5.00E-06,  2.275E+03,  2.340E-20,  3.1,  3.1
      1969.00, 0.0, 1.69E-07,  5.00E-06,  2.264E+03,  2.349E-20,  3.1,  3.1
      1970.00, 0.0, 1.68E-07,  5.00E-06,  2.254E+03,  2.359E-20,  3.1,  3.1
      1971.00, 0.0, 1.67E-07,  5.00E-06,  2.243E+03,  2.368E-20,  3.1,  3.1
      1972.00, 0.0, 1.66E-07,  5.00E-06,  2.232E+03,  2.378E-20,  3.1,  3.1
      1973.00, 0.0, 1.65E-07,  5.00E-06,  2.221E+03,  2.388E-20,  3.1,  3.1
      1974.00, 0.0, 1.64E-07,  5.00E-06,  2.211E+03,  2.397E-20,  3.1,  3.1
      1975.00, 0.0, 1.63E-07,  5.00E-06,  2.200E+03,  2.407E-20,  3.1,  3.1
      1976.00, 0.0, 1.62E-07,  5.00E-06,  2.189E+03,  2.417E-20,  3.1,  3.1
      1977.00, 0.0, 1.61E-07,  5.00E-06,  2.178E+03,  2.427E-20,  3.1,  3.1
      1978.00, 0.0, 1.60E-07,  5.00E-06,  2.167E+03,  2.438E-20,  3.1,  3.1
      1979.00, 0.0, 1.59E-07,  5.00E-06,  2.157E+03,  2.448E-20,  3.1,  3.1
      1980.00, 0.0, 1.58E-07,  5.00E-06,  2.146E+03,  2.458E-20,  3.1,  3.1
      1981.00, 0.0, 1.57E-07,  5.00E-06,  2.135E+03,  2.469E-20,  3.1,  3.1
      1982.00, 0.0, 1.57E-07,  5.00E-06,  2.124E+03,  2.480E-20,  3.1,  3.1
      1983.00, 0.0, 1.56E-07,  5.00E-06,  2.113E+03,  2.490E-20,  3.1,  3.1
      1984.00, 0.0, 1.55E-07,  5.00E-06,  2.103E+03,  2.501E-20,  3.1,  3.1
      1985.00, 0.0, 1.54E-07,  5.00E-06,  2.092E+03,  2.512E-20,  3.1,  3.1
      1986.00, 0.0, 1.53E-07,  5.00E-06,  2.081E+03,  2.523E-20,  3.1,  3.1
      1987.00, 0.0, 1.52E-07,  5.00E-06,  2.070E+03,  2.535E-20,  3.1,  3.1
      1988.00, 0.0, 1.51E-07,  5.00E-06,  2.059E+03,  2.546E-20,  3.1,  3.1
      1989.00, 0.0, 1.50E-07,  5.00E-06,  2.048E+03,  2.558E-20,  3.1,  3.1
      1990.00, 0.0, 1.49E-07,  5.00E-06,  2.037E+03,  2.569E-20,  3.1,  3.1
      1991.00, 0.0, 1.48E-07,  5.00E-06,  2.026E+03,  2.581E-20,  3.1,  3.1
      1992.00, 0.0, 1.47E-07,  5.00E-06,  2.016E+03,  2.593E-20,  3.1,  3.1
      1993.00, 0.0, 1.46E-07,  5.00E-06,  2.005E+03,  2.605E-20,  3.1,  3.1
      1994.00, 0.0, 1.46E-07,  5.00E-06,  1.994E+03,  2.618E-20,  3.1,  3.1
      1995.00, 0.0, 1.45E-07,  5.00E-06,  1.983E+03,  2.630E-20,  3.1,  3.1
      1996.00, 0.0, 1.44E-07,  5.00E-06,  1.972E+03,  2.643E-20,  3.1,  3.1
      1997.00, 0.0, 1.43E-07,  5.00E-06,  1.961E+03,  2.655E-20,  3.1,  3.1
      1998.00, 0.0, 1.42E-07,  5.00E-06,  1.950E+03,  2.668E-20,  3.1,  3.1
      1999.00, 0.0, 1.41E-07,  5.00E-06,  1.939E+03,  2.681E-20,  3.1,  3.1
      2000.00, 0.0, 1.40E-07,  5.00E-06,  1.928E+03,  2.694E-20,  3.1,  3.1
      2001.00, 0.0, 1.39E-07,  5.00E-06,  1.917E+03,  2.708E-20,  3.1,  3.1
      2002.00, 0.0, 1.38E-07,  5.00E-06,  1.906E+03,  2.721E-20,  3.1,  3.1
      2003.00, 0.0, 1.37E-07,  5.00E-06,  1.895E+03,  2.735E-20,  3.1,  3.1
      2004.00, 0.0, 1.36E-07,  5.00E-06,  1.884E+03,  2.749E-20,  3.1,  3.1
      2005.00, 0.0, 1.36E-07,  5.00E-06,  1.873E+03,  2.763E-20,  3.1,  3.1
      2006.00, 0.0, 1.35E-07,  5.00E-06,  1.862E+03,  2.777E-20,  3.1,  3.1
      2007.00, 0.0, 1.34E-07,  5.00E-06,  1.851E+03,  2.791E-20,  3.1,  3.1
      2008.00, 0.0, 1.33E-07,  5.00E-06,  1.840E+03,  2.806E-20,  3.1,  3.1
      2009.00, 0.0, 1.32E-07,  5.00E-06,  1.829E+03,  2.821E-20,  3.1,  3.1
      2010.00, 0.0, 1.31E-07,  5.00E-06,  1.818E+03,  2.836E-20,  3.1,  3.1
      2011.00, 0.0, 1.30E-07,  5.00E-06,  1.807E+03,  2.851E-20,  3.1,  3.1
      2012.00, 0.0, 1.29E-07,  5.00E-06,  1.796E+03,  2.866E-20,  3.1,  3.1
      2013.00, 0.0, 1.28E-07,  5.00E-06,  1.785E+03,  2.882E-20,  3.1,  3.1
      2014.00, 0.0, 1.27E-07,  5.00E-06,  1.774E+03,  2.898E-20,  3.1,  3.1
      2015.00, 0.0, 1.27E-07,  5.00E-06,  1.763E+03,  2.914E-20,  3.1,  3.1
      2016.00, 0.0, 1.26E-07,  5.00E-06,  1.751E+03,  2.930E-20,  3.1,  3.1
      2017.00, 0.0, 1.25E-07,  5.00E-06,  1.740E+03,  2.947E-20,  3.1,  3.1
      2018.00, 0.0, 1.24E-07,  5.00E-06,  1.729E+03,  2.964E-20,  3.1,  3.1
      2019.00, 0.0, 1.23E-07,  5.00E-06,  1.718E+03,  2.980E-20,  3.1,  3.1
      2020.00, 0.0, 1.22E-07,  5.00E-06,  1.707E+03,  2.998E-20,  3.1,  3.1
      2021.00, 0.0, 1.21E-07,  5.00E-06,  1.696E+03,  3.015E-20,  3.1,  3.1
      2022.00, 0.0, 1.20E-07,  5.00E-06,  1.684E+03,  3.033E-20,  3.1,  3.1
      2023.00, 0.0, 1.19E-07,  5.00E-06,  1.673E+03,  3.051E-20,  3.1,  3.1
      2024.00, 0.0, 1.19E-07,  5.00E-06,  1.662E+03,  3.069E-20,  3.1,  3.1
      2025.00, 0.0, 1.18E-07,  5.00E-06,  1.651E+03,  3.087E-20,  3.1,  3.1
      2026.00, 0.0, 1.17E-07,  5.00E-06,  1.640E+03,  3.106E-20,  3.1,  3.1
      2027.00, 0.0, 1.16E-07,  5.00E-06,  1.629E+03,  3.125E-20,  3.1,  3.1
      2028.00, 0.0, 1.15E-07,  5.00E-06,  1.617E+03,  3.144E-20,  3.1,  3.1
      2029.00, 0.0, 1.14E-07,  5.00E-06,  1.606E+03,  3.164E-20,  3.1,  3.1
      2030.00, 0.0, 1.13E-07,  5.00E-06,  1.595E+03,  3.184E-20,  3.1,  3.1
      2031.00, 0.0, 1.12E-07,  5.00E-06,  1.584E+03,  3.204E-20,  3.1,  3.1
      2032.00, 0.0, 1.12E-07,  5.00E-06,  1.572E+03,  3.224E-20,  3.1,  3.1
      2033.00, 0.0, 1.11E-07,  5.00E-06,  1.561E+03,  3.245E-20,  3.1,  3.1
      2034.00, 0.0, 1.10E-07,  5.00E-06,  1.550E+03,  3.266E-20,  3.1,  3.1
      2035.00, 0.0, 1.09E-07,  5.00E-06,  1.539E+03,  3.288E-20,  3.1,  3.1
      2036.00, 0.0, 1.08E-07,  5.00E-06,  1.527E+03,  3.309E-20,  3.1,  3.1
      2037.00, 0.0, 1.07E-07,  5.00E-06,  1.516E+03,  3.332E-20,  3.1,  3.1
      2038.00, 0.0, 1.06E-07,  5.00E-06,  1.505E+03,  3.354E-20,  3.1,  3.1
      2039.00, 0.0, 1.05E-07,  5.00E-06,  1.494E+03,  3.377E-20,  3.1,  3.1
      2040.00, 0.0, 1.05E-07,  5.00E-06,  1.482E+03,  3.400E-20,  3.1,  3.1
      2041.00, 0.0, 1.04E-07,  5.00E-06,  1.471E+03,  3.423E-20,  3.1,  3.1
      2042.00, 0.0, 1.03E-07,  5.00E-06,  1.460E+03,  3.447E-20,  3.1,  3.1
      2043.00, 0.0, 1.02E-07,  5.00E-06,  1.448E+03,  3.472E-20,  3.1,  3.1
      2044.00, 0.0, 1.01E-07,  5.00E-06,  1.437E+03,  3.496E-20,  3.1,  3.1
      2045.00, 0.0, 1.00E-07,  5.00E-06,  1.426E+03,  3.521E-20,  3.1,  3.1
      2046.00, 0.0, 9.93E-08,  5.00E-06,  1.414E+03,  3.547E-20,  3.1,  3.1
      2047.00, 0.0, 9.84E-08,  5.00E-06,  1.403E+03,  3.573E-20,  3.1,  3.1
      2048.00, 0.0, 9.77E-08,  5.00E-06,  1.393E+03,  3.595E-20,  3.1,  3.1
      2049.00, 0.0, 9.70E-08,  5.00E-06,  1.385E+03,  3.615E-20,  3.1,  3.1
      2050.00, 0.0, 9.63E-08,  5.00E-06,  1.376E+03,  3.635E-20,  3.1,  3.1
      2051.00, 0.0, 9.57E-08,  5.00E-06,  1.368E+03,  3.655E-20,  3.1,  3.1
      2052.00, 0.0, 9.50E-08,  5.00E-06,  1.359E+03,  3.676E-20,  3.1,  3.1
      2053.00, 0.0, 9.43E-08,  5.00E-06,  1.350E+03,  3.697E-20,  3.1,  3.1
      2054.00, 0.0, 9.36E-08,  5.00E-06,  1.341E+03,  3.719E-20,  3.1,  3.1
      2055.00, 0.0, 9.29E-08,  5.00E-06,  1.332E+03,  3.741E-20,  3.1,  3.1
      2056.00, 0.0, 9.23E-08,  5.00E-06,  1.324E+03,  3.764E-20,  3.1,  3.1
      2057.00, 0.0, 9.16E-08,  5.00E-06,  1.315E+03,  3.787E-20,  3.1,  3.1
      2058.00, 0.0, 9.09E-08,  5.00E-06,  1.306E+03,  3.810E-20,  3.1,  3.1
      2059.00, 0.0, 9.02E-08,  5.00E-06,  1.297E+03,  3.834E-20,  3.1,  3.1
      2060.00, 0.0, 8.95E-08,  5.00E-06,  1.287E+03,  3.859E-20,  3.1,  3.1
      2061.00, 0.0, 8.88E-08,  5.00E-06,  1.278E+03,  3.884E-20,  3.1,  3.1
      2062.00, 0.0, 8.81E-08,  5.00E-06,  1.269E+03,  3.909E-20,  3.1,  3.1
      2063.00, 0.0, 8.74E-08,  5.00E-06,  1.260E+03,  3.935E-20,  3.1,  3.1
      2064.00, 0.0, 8.67E-08,  5.00E-06,  1.250E+03,  3.961E-20,  3.1,  3.1
      2065.00, 0.0, 8.60E-08,  5.00E-06,  1.241E+03,  3.988E-20,  3.1,  3.1
      2066.00, 0.0, 8.53E-08,  5.00E-06,  1.232E+03,  4.016E-20,  3.1,  3.1
      2067.00, 0.0, 8.45E-08,  5.00E-06,  1.222E+03,  4.044E-20,  3.1,  3.1
      2068.00, 0.0, 8.38E-08,  5.00E-06,  1.213E+03,  4.073E-20,  3.1,  3.1
      2069.00, 0.0, 8.31E-08,  5.00E-06,  1.203E+03,  4.103E-20,  3.1,  3.1
      2070.00, 0.0, 8.24E-08,  5.00E-06,  1.194E+03,  4.133E-20,  3.1,  3.1
      2071.00, 0.0, 8.17E-08,  5.00E-06,  1.184E+03,  4.164E-20,  3.1,  3.1
      2072.00, 0.0, 8.09E-08,  5.00E-06,  1.174E+03,  4.195E-20,  3.1,  3.1
      2073.00, 0.0, 8.02E-08,  5.00E-06,  1.164E+03,  4.227E-20,  3.1,  3.1
      2074.00, 0.0, 7.95E-08,  5.00E-06,  1.155E+03,  4.260E-20,  3.1,  3.1
      2075.00, 0.0, 7.87E-08,  5.00E-06,  1.145E+03,  4.294E-20,  3.1,  3.1
      2076.00, 0.0, 7.80E-08,  5.00E-06,  1.135E+03,  4.328E-20,  3.1,  3.1
      2077.00, 0.0, 7.72E-08,  5.00E-06,  1.124E+03,  4.365E-20,  3.1,  3.1
      2078.00, 0.0, 7.64E-08,  5.00E-06,  1.112E+03,  4.410E-20,  3.1,  3.1
      2079.00, 0.0, 7.55E-08,  5.00E-06,  1.100E+03,  4.455E-20,  3.1,  3.1
      2080.00, 0.0, 7.46E-08,  5.00E-06,  1.088E+03,  4.502E-20,  3.1,  3.1
      2081.00, 0.0, 7.37E-08,  5.00E-06,  1.076E+03,  4.549E-20,  3.1,  3.1
      2082.00, 0.0, 7.28E-08,  5.00E-06,  1.063E+03,  4.598E-20,  3.1,  3.1
      2083.00, 0.0, 7.19E-08,  5.00E-06,  1.051E+03,  4.648E-20,  3.1,  3.1
      2084.00, 0.0, 7.10E-08,  5.00E-06,  1.039E+03,  4.700E-20,  3.1,  3.1
      2085.00, 0.0, 7.01E-08,  5.00E-06,  1.027E+03,  4.752E-20,  3.1,  3.1
      2086.00, 0.0, 6.93E-08,  5.00E-06,  1.014E+03,  4.806E-20,  3.1,  3.1
      2087.00, 0.0, 6.84E-08,  5.00E-06,  1.002E+03,  4.861E-20,  3.1,  3.1
      2088.00, 0.0, 6.75E-08,  5.00E-06,  9.897E+02,  4.918E-20,  3.1,  3.1
      2089.00, 0.0, 6.66E-08,  5.00E-06,  9.775E+02,  4.976E-20,  3.1,  3.1
      2090.00, 0.0, 6.57E-08,  5.00E-06,  9.652E+02,  5.035E-20,  3.1,  3.1
      2091.00, 0.0, 6.48E-08,  5.00E-06,  9.529E+02,  5.096E-20,  3.1,  3.1
      2092.00, 0.0, 6.40E-08,  5.00E-06,  9.405E+02,  5.159E-20,  3.1,  3.1
      2093.00, 0.0, 6.31E-08,  5.00E-06,  9.282E+02,  5.223E-20,  3.1,  3.1
      2094.00, 0.0, 6.22E-08,  5.00E-06,  9.159E+02,  5.290E-20,  3.1,  3.1
      2095.00, 0.0, 6.13E-08,  5.00E-06,  9.036E+02,  5.358E-20,  3.1,  3.1
      2096.00, 0.0, 6.05E-08,  5.00E-06,  8.912E+02,  5.428E-20,  3.1,  3.1
      2097.00, 0.0, 5.96E-08,  5.00E-06,  8.789E+02,  5.500E-20,  3.1,  3.1
      2098.00, 0.0, 5.87E-08,  5.00E-06,  8.665E+02,  5.574E-20,  3.1,  3.1
      2099.00, 0.0, 5.78E-08,  5.00E-06,  8.542E+02,  5.650E-20,  3.1,  3.1
